15.6233 5.77856
15.6233 5.77855
15.6233 5.77854
15.6233 5.77854
15.6233 5.77853
15.6233 5.77851
15.6233 5.7785
15.6233 5.77848
15.6233 5.77846
15.6233 5.77843
15.6233 5.77841
15.6233 5.77838
15.6233 5.77835
15.6234 5.77832
15.6234 5.77828
15.6234 5.77824
15.6234 5.7782
15.6234 5.77813
15.6234 5.77804
15.6234 5.77793
15.6235 5.77782
15.6235 5.7777
15.6235 5.77757
15.6235 5.77744
15.6235 5.7773
15.6235 5.77714
15.6236 5.77693
15.6236 5.7766
15.6236 5.77593
15.6236 5.77441
15.6237 5.77066
15.6237 5.76107
15.6237 5.73618
15.6237 5.7044
15.6238 5.66721
15.6238 5.6207
15.6238 5.57061
15.6238 5.51911
15.6239 5.46695
15.6239 5.41425
15.6239 5.36056
15.6239 5.30648
15.624 5.25227
15.624 5.19799
15.624 5.14369
15.624 5.08939
15.6241 5.03507
15.6241 4.98075
15.6241 4.92641
15.6241 4.87203
15.6242 4.81756
15.6242 4.76282
15.6242 4.70742
15.6242 4.65025
15.6242 4.58848
15.6243 4.52496
15.6243 4.46075
15.6243 4.3963
15.6243 4.33174
15.6243 4.26715
15.6244 4.20253
15.6244 4.13792
15.6244 4.07329
15.6244 4.00867
15.6244 3.94405
15.6244 3.87942
15.6245 3.81479
15.6245 3.75017
15.6245 3.68554
15.6245 3.62092
15.6245 3.55629
15.6245 3.49166
15.6245 3.42704
15.6245 3.36241
15.6245 3.29778
15.6246 3.23315
15.6246 3.16852
15.6246 3.10389
15.6246 3.03926
15.6246 2.97462
15.6246 2.90999
15.6246 2.84536
15.6246 2.78072
15.6246 2.71609
15.6246 2.65146
15.6245 2.58682
15.6245 2.52219
15.6245 2.45755
15.6245 2.39292
15.6245 2.32829
15.6245 2.26365
15.6245 2.19902
15.6244 2.13438
15.6244 2.06975
15.6244 2.00511
15.6244 1.94048
15.6243 1.87584
15.6243 1.8112
15.6243 1.74655
15.6242 1.68191
15.6242 1.61726
15.6241 1.55262
15.624 1.48797
15.6238 1.42331
15.6233 1.35866
15.6222 1.294
15.6192 1.22934
15.6154 1.16468
15.6105 1.10002
15.6035 1.03535
15.5912 0.97069
15.5769 0.906025
15.5617 0.841359
15.5462 0.776692
15.5304 0.712025
15.5143 0.647358
15.4972 0.582691
15.4778 0.518024
15.4563 0.45336
15.4311 0.388704
15.3965 0.324069
15.3583 0.259489
15.3189 0.195053
15.2788 0.13099
15.2386 0.0678995
15.1982 0.0073537
15.1578 -0.046535
15.117 -0.0978782
15.0755 -0.148244
15.0322 -0.198224
14.9842 -0.248026
14.9308 -0.297687
14.8755 -0.347099
14.8194 -0.395913
14.7629 -0.443178
14.7064 -0.486402
14.6498 -0.519051
14.5932 -0.547648
14.5366 -0.574666
14.4799 -0.601001
14.4231 -0.626873
14.3661 -0.652035
14.3084 -0.675535
14.249 -0.694763
14.1851 -0.702833
14.1195 -0.706641
14.0532 -0.708819
13.9866 -0.710373
13.92 -0.711688
13.8533 -0.712909
13.7866 -0.714091
13.7199 -0.715254
13.6532 -0.716397
13.5866 -0.717505
13.5199 -0.718531
13.4532 -0.719345
13.3865 -0.719611
13.3198 -0.718445
13.2532 -0.713534
13.1865 -0.707191
13.1198 -0.700301
13.0532 -0.6932
12.9865 -0.686017
12.9199 -0.678803
12.8533 -0.671576
12.7867 -0.664343
12.7203 -0.657107
12.654 -0.64987
12.5877 -0.642633
12.5214 -0.635395
12.4552 -0.628157
12.3889 -0.620918
12.3226 -0.61368
12.2563 -0.606442
12.1901 -0.599205
12.1238 -0.591969
12.0575 -0.584734
11.9913 -0.577501
11.9251 -0.570268
11.8591 -0.563038
11.7935 -0.55581
11.7279 -0.548584
11.6625 -0.54136
11.597 -0.534139
11.5316 -0.52692
11.4662 -0.519703
11.4008 -0.512489
11.3354 -0.505278
11.27 -0.498072
11.2046 -0.490872
11.1392 -0.483687
11.0738 -0.476535
11.0084 -0.469466
10.943 -0.462613
10.8776 -0.456319
10.8122 -0.45024
10.7468 -0.444245
10.6814 -0.438285
10.616 -0.432342
10.5507 -0.426413
10.4853 -0.420506
10.4199 -0.41465
10.3545 -0.40892
10.2891 -0.403517
10.2238 -0.398964
10.1584 -0.394737
10.093 -0.390638
10.0276 -0.386589
9.96227 -0.382565
9.8969 -0.378558
9.83153 -0.374578
9.76616 -0.37066
9.70079 -0.366896
9.63542 -0.363531
9.57005 -0.361206
9.50468 -0.359281
9.4393 -0.35751
9.37393 -0.3558
9.30856 -0.354114
9.24318 -0.352439
9.17781 -0.35077
9.11243 -0.349104
9.04705 -0.347443
8.98167 -0.345788
8.91629 -0.344143
8.85091 -0.342521
8.78552 -0.340957
8.72014 -0.339538
8.65475 -0.338189
8.58935 -0.336898
8.52395 -0.335713
8.45854 -0.33478
8.39309 -0.333949
8.32755 -0.333165
8.2618 -0.33242
8.19547 -0.33174
8.12767 -0.331218
8.05929 -0.331096
7.9907 -0.332021
7.92202 -0.333346
7.85331 -0.334826
7.78459 -0.336366
7.71586 -0.337931
7.64713 -0.339509
7.57839 -0.341097
7.50966 -0.3427
7.44093 -0.344334
7.37219 -0.346047
7.30346 -0.347962
7.23473 -0.350402
7.166 -0.353043
7.09727 -0.355763
7.02854 -0.358514
6.95982 -0.361278
6.89109 -0.364049
6.82237 -0.366823
6.75365 -0.3696
6.68494 -0.37238
6.61622 -0.375161
6.54751 -0.377944
6.4788 -0.380729
6.41009 -0.383516
6.34139 -0.386306
6.27269 -0.389099
6.20399 -0.391896
6.13529 -0.394701
6.0666 -0.397524
5.99791 -0.400389
5.92922 -0.403365
5.86054 -0.406623
5.79186 -0.40999
5.72318 -0.413402
5.6545 -0.416831
5.58583 -0.420271
5.51716 -0.423718
5.44849 -0.427178
5.37983 -0.430664
5.31117 -0.434213
5.24251 -0.437923
5.17385 -0.442052
5.1052 -0.446343
5.03654 -0.450696
4.9679 -0.455076
4.89925 -0.459466
4.83061 -0.463863
4.76197 -0.468263
4.69333 -0.472666
4.62469 -0.477072
4.55606 -0.481481
4.48743 -0.485892
4.4188 -0.490305
4.35018 -0.494721
4.28157 -0.49914
4.21298 -0.503561
4.14443 -0.507985
4.07598 -0.51241
4.00781 -0.516837
3.93975 -0.521265
3.87173 -0.525695
3.80373 -0.530127
3.73575 -0.53456
3.66777 -0.538994
3.59983 -0.54343
3.53196 -0.547866
3.46412 -0.552304
3.3963 -0.556742
3.32848 -0.561182
3.26066 -0.565621
3.19285 -0.570061
3.12504 -0.574502
3.05724 -0.578942
2.98943 -0.583382
2.92163 -0.587822
2.85383 -0.592261
2.78605 -0.596699
2.71827 -0.601136
2.65054 -0.605572
2.58289 -0.610006
2.5155 -0.614437
2.44873 -0.61886
2.38363 -0.623267
2.31917 -0.627633
2.25502 -0.631895
2.19111 -0.635887
2.12745 -0.639176
2.06428 -0.640628
2.00235 -0.641376
1.94364 -0.641853
1.88619 -0.642226
1.8293 -0.642558
1.77284 -0.642871
1.71708 -0.643177
1.66302 -0.643478
1.61177 -0.643776
1.56724 -0.644072
1.52527 -0.644365
1.48429 -0.644655
1.44369 -0.644943
1.40323 -0.645227
1.36283 -0.645509
1.32245 -0.645788
1.28209 -0.646064
1.24172 -0.646338
1.20136 -0.646609
1.16101 -0.646877
1.12065 -0.647142
1.0803 -0.647405
1.03995 -0.647666
0.999598 -0.647923
0.959251 -0.648179
0.918907 -0.648431
0.878566 -0.64868
0.838231 -0.648927
0.797906 -0.649169
0.757602 -0.649406
0.717352 -0.649632
0.677238 -0.649834
0.637476 -0.649978
0.59863 -0.650097
0.56218 -0.650206
0.532 -0.650308
0.518229 -0.650407
0.510727 -0.650504
0.505622 -0.650597
0.501433 -0.650689
0.497595 -0.650778
0.493893 -0.650864
0.490243 -0.650949
0.486614 -0.651031
0.482994 -0.651111
0.479378 -0.651189
0.475764 -0.651265
0.472151 -0.651339
0.46854 -0.651412
0.464929 -0.651483
0.461318 -0.651553
0.457708 -0.65162
0.454097 -0.651686
0.450487 -0.651751
0.446876 -0.651813
0.443265 -0.651875
0.439654 -0.651934

