0 0.0675086 -1.53264 1.22714 0 0 -0.00348284
1 0.0675212 -1.53264 1.22714 1.25542e-05 0 -0.00348284
2 0.0675337 -1.53264 1.22714 1.25468e-05 0 -0.00348284
3 0.0675462 -1.53264 1.22714 1.25468e-05 0 2538.05
4 0.0675588 -1.53264 1.22714 1.25542e-05 0 3524.55
5 0.0675798 -1.53264 1.22714 2.11223e-05 0 1166.26
6 0.0676008 -1.53263 1.22714 2.11297e-05 0 -0.00206927
7 0.0676217 -1.53263 1.22714 2.11223e-05 0 1504.82
8 0.0676427 -1.53263 1.22714 2.11223e-05 0 2180.36
9 0.067676 -1.53263 1.22714 3.33264e-05 0 761.439
10 0.0677094 -1.53263 1.22714 3.33264e-05 0 -0.00131169
11 0.0677427 -1.53263 1.22714 3.3319e-05 0 422.802
12 0.067776 -1.53263 1.22714 3.33264e-05 0 659.105
13 0.0678231 -1.53263 1.22714 4.71914e-05 0 251.298
14 0.0678703 -1.53262 1.22714 4.71914e-05 0 -0.000926258
15 0.0679174 -1.53262 1.22714 4.71914e-05 0 69.0132
16 0.0679645 -1.53262 1.22714 4.71914e-05 0 113.932
17 0.068026 -1.53262 1.22714 6.15257e-05 0 54.4515
18 0.0680875 -1.53261 1.22714 6.15257e-05 0 7.93566
19 0.0681489 -1.53261 1.22714 6.1521e-05 0 25.6748
20 0.0682104 -1.53261 1.22714 6.15257e-05 0 50.0174
21 0.0682866 -1.53261 1.22714 7.61935e-05 0 23.922
22 0.0683627 -1.53261 1.22714 7.61861e-05 0 2.26653
23 0.0684389 -1.5326 1.22714 7.61935e-05 0 18.5934
24 0.068515 -1.5326 1.22714 7.61935e-05 0 31.741
25 0.0686059 -1.5326 1.22714 9.09092e-05 0 13.9935
26 0.0686968 -1.5326 1.22714 9.09092e-05 0 -0.000480825
27 0.0687876 -1.53259 1.22714 9.09092e-05 0 56.2889
28 0.0688785 -1.53259 1.22714 9.09092e-05 0 100.68
29 0.0689842 -1.53259 1.22714 0.000105798 0 44.8127
30 0.0690899 -1.53258 1.22714 0.00010579 0 -0.000413175
31 0.0691955 -1.53258 1.22714 0.00010579 0 13.9274
32 0.0693012 -1.53257 1.22714 0.000105798 0 25.484
33 0.0694216 -1.53256 1.22714 0.000120505 0 11.7291
34 0.069542 -1.53256 1.22714 0.000120505 0 -0.000362739
35 0.0696624 -1.53255 1.22714 0.000120498 0 49.1217
36 0.0697828 -1.53255 1.22714 0.000120505 0 90.1018
37 0.0699179 -1.53255 1.22714 0.000135125 0 41.2972
38 0.070053 -1.53254 1.22714 0.000135117 0 -0.000323494
39 0.0701881 -1.53254 1.22714 0.000135125 0 59.8479
40 0.0703232 -1.53254 1.22714 0.000135125 0 109.398
41 0.0704729 -1.53253 1.22714 0.000149937 0 49.8236
42 0.0706227 -1.53253 1.22714 0.000149931 0 -0.00029153
43 0.0707725 -1.53252 1.22714 0.000149945 0 32.154
44 0.0709222 -1.53251 1.22714 0.000149937 0 62.516
45 0.0710866 -1.53251 1.22714 0.000164429 0 29.1261
46 0.0712509 -1.5325 1.22714 0.000164421 0 -0.000265844
47 0.0714152 -1.5325 1.22714 0.000164421 0 17.8524
48 0.0715796 -1.53249 1.22714 0.000164429 0 33.5929
49 0.0717584 -1.53248 1.22714 0.000178934 0 15.7563
50 0.0719371 -1.53247 1.22714 0.000178927 0 -0.00024429
51 0.0721159 -1.53247 1.22714 0.000178934 0 4.63365
52 0.0722947 -1.53246 1.22714 0.000178934 0 8.39948
53 0.0724878 -1.53245 1.22714 0.000193295 0 4.64044
54 0.072681 -1.53244 1.22714 0.000193295 0 1.26282
55 0.0728742 -1.53244 1.22714 0.000193298 0 44.7709
56 0.0730673 -1.53243 1.22714 0.000193295 0 84.0237
57 0.0732747 -1.53242 1.22714 0.00020799 0 39.398
58 0.0734822 -1.5324 1.22714 0.000207997 0 -0.000210158
59 0.0736897 -1.53238 1.22714 0.000207997 0 35.4055
60 0.0738971 -1.53237 1.22714 0.00020799 0 66.7043
61 0.0741188 -1.53235 1.22714 0.000222841 0 31.3173
62 0.0743405 -1.53233 1.22714 0.000222829 0 -0.000196157
63 0.0745622 -1.5323 1.22714 0.000222841 0 111.643
64 0.0747839 -1.53228 1.22714 0.000222841 0 210.098
65 0.0750198 -1.53223 1.22714 0.000240646 0 99.968
66 0.0752558 -1.53218 1.22714 0.000240677 0 -0.000181632
67 0.0754917 -1.53214 1.22714 0.00024067 0 230.486
68 0.0757276 -1.53209 1.22714 0.000240646 0 419.12
69 0.0759777 -1.53198 1.22714 0.000273207 0 190.866
70 0.0762277 -1.53187 1.22714 0.000273214 0 -0.000159998
71 0.0764778 -1.53176 1.22714 0.000273166 0 383.517
72 0.0767279 -1.53165 1.22714 0.000273207 0 593.622
73 0.076992 -1.53137 1.22714 0.000381307 0 231.397
74 0.0772561 -1.5311 1.22714 0.000381221 0 0.452916
75 0.0775203 -1.53083 1.22714 0.000381312 0 276.126
76 0.0777844 -1.53055 1.22714 0.000381307 0 339.35
77 0.0780625 -1.52984 1.22714 0.000760201 0 98.1307
78 0.0783406 -1.52913 1.22714 0.000760201 0 -5.74997e-05
79 0.0786187 -1.52843 1.22714 0.000760201 0 74.5909
80 0.0788968 -1.52772 1.22714 0.000760201 0 82.5278
81 0.0791888 -1.52588 1.27277 0.00186054 0 19.8341
82 0.0794808 -1.52404 1.3184 0.00186055 0 -2.34939e-05
83 0.0797727 -1.52221 1.36403 0.00186054 0 11.9088
84 0.0800647 -1.52037 1.40966 0.00186054 0 13.942
85 0.0803705 -1.51623 1.43051 0.0041538 0 3.62469
86 0.0806763 -1.51208 1.45136 0.0041538 0 0.0929458
87 0.0809822 -1.50794 1.4722 0.00415368 0 2.50609
88 0.081288 -1.5038 1.49305 0.0041538 0 2.92544
89 0.0816075 -1.49447 1.50223 0.009333 0 0.756318
90 0.081927 -1.48515 1.51142 0.00933288 0 -4.68354e-06
91 0.0822465 -1.47582 1.52061 0.009333 0 0.309758
92 0.082566 -1.46649 1.5298 0.009333 0 0.457538
93 0.0828991 -1.45231 1.53301 0.0141815 0 0.164648
94 0.0832321 -1.43814 1.53621 0.0141814 0 0.0121772
95 0.0835652 -1.42396 1.53942 0.0141814 0 0.0353662
96 0.0838983 -1.40978 1.54263 0.0141815 0 0.0615366
97 0.0842448 -1.39375 1.54376 0.0160338 0 0.0313562
98 0.0845913 -1.37772 1.54489 0.0160337 0 -2.72621e-06
99 0.0849379 -1.36169 1.54603 0.0160337 0 0.0213012
100 0.0852844 -1.34566 1.54716 0.0160338 0 0.0105379
101 0.0856443 -1.32892 1.54748 0.0167413 0 0.0180538
102 0.0860042 -1.31219 1.54779 0.0167413 0 -2.61098e-06
103 0.0863641 -1.29545 1.54811 0.0167414 0 -2.60039e-06
104 0.086724 -1.27871 1.54843 0.0167413 0 -2.58988e-06
105 0.0870972 -1.2617 1.5484 0.0170141 0 -2.57947e-06
106 0.0874704 -1.24469 1.54837 0.0170142 0 -2.56913e-06
107 0.0878435 -1.22768 1.54834 0.0170141 0 -2.56525e-06
108 0.0882167 -1.21067 1.54831 0.0170141 0 -2.5614e-06
109 0.088603 -1.19356 1.54818 0.0171169 0 0.0101041
110 0.0889894 -1.17645 1.54805 0.0171169 0 -2.5537e-06
111 0.0893757 -1.15933 1.54792 0.0171169 0 0.0201615
112 0.0897621 -1.14222 1.54779 0.0171169 0 0.0201497
113 0.0901615 -1.12507 1.54763 0.0171572 0 -2.5492e-06
114 0.0905608 -1.10791 1.54746 0.0171572 0 -2.5477e-06
115 0.0909602 -1.09076 1.5473 0.0171571 0 0.0201216
116 0.0913595 -1.07361 1.54713 0.0171572 0 0.0333542
117 0.0917717 -1.05644 1.54696 0.0171724 0 -2.546e-06
118 0.0921839 -1.03927 1.54678 0.0171725 0 0.0100563
119 0.0925962 -1.02211 1.5466 0.0171724 0 0.0201058
120 0.0930084 -1.00494 1.54643 0.0171724 0 0.0265928
121 0.0934333 -0.987765 1.54625 0.0171803 0 0.0201013
122 0.0938582 -0.97059 1.54607 0.0171803 0 -2.54428e-06
123 0.094283 -0.953415 1.54589 0.0171802 0 -2.54418e-06
124 0.0947079 -0.93624 1.54571 0.0171803 0 0.0246143
125 0.0951453 -0.919063 1.54553 0.0171829 0 -2.544e-06
126 0.0955826 -0.901886 1.54535 0.0171828 0 -2.5439e-06
127 0.09602 -0.884708 1.54517 0.0171828 0 -2.54384e-06
128 0.0964574 -0.867531 1.54499 0.0171829 0 0.0265813
129 0.0969071 -0.850352 1.54482 0.0171846 0 -2.5437e-06
130 0.0973568 -0.833174 1.54464 0.0171847 0 -2.54363e-06
131 0.0978064 -0.815995 1.54446 0.0171847 0 0.017402
132 0.0982561 -0.798816 1.54428 0.0171846 0 0.0200932
133 0.0987181 -0.781637 1.54411 0.0171857 0 -2.54351e-06
134 0.0991801 -0.764457 1.54393 0.0171858 0 -2.54347e-06
135 0.099642 -0.747277 1.54376 0.0171857 0 -2.54342e-06
136 0.100104 -0.730098 1.54358 0.0171857 0 -2.54338e-06
137 0.100578 -0.712918 1.54341 0.017187 0 -2.54333e-06
138 0.101051 -0.695737 1.54324 0.017187 0 -2.54328e-06
139 0.101525 -0.678557 1.54306 0.017187 0 -2.54323e-06
140 0.101999 -0.661376 1.54289 0.017187 0 0.0265752
141 0.102485 -0.644194 1.54272 0.0171884 0 0.0200899
142 0.10297 -0.627013 1.54255 0.0171884 0 -2.54308e-06
143 0.103456 -0.609832 1.54238 0.0171883 0 0.0200888
144 0.103942 -0.59265 1.54221 0.0171884 0 0.0265724
145 0.104439 -0.575467 1.54205 0.0171907 0 0.0200874
146 0.104937 -0.558283 1.54188 0.0171907 0 -2.54273e-06
147 0.105434 -0.541099 1.54172 0.0171907 0 0.0200857
148 0.105932 -0.523916 1.54155 0.0171907 0 0.0265678
149 0.106441 -0.506729 1.54139 0.0171943 0 0.0200836
150 0.106949 -0.489542 1.54123 0.0171943 0 -2.5422e-06
151 0.107458 -0.472356 1.54107 0.0171943 0 0.0173904
152 0.107967 -0.455169 1.54091 0.0171943 0 -2.54159e-06
153 0.108487 -0.437974 1.54076 0.0172026 0 0.0173862
154 0.109008 -0.420779 1.54061 0.0172026 0 -2.54097e-06
155 0.109528 -0.403585 1.54046 0.0172026 0 0.0100357
156 0.110048 -0.38639 1.54032 0.0172026 0 -2.53949e-06
157 0.11058 -0.369175 1.5402 0.0172227 0 -2.53875e-06
158 0.111111 -0.351961 1.54008 0.0172227 0 -2.53801e-06
159 0.111642 -0.334747 1.53996 0.0172227 0 0.0200344
160 0.112174 -0.317532 1.53984 0.0172227 0 0.0173379
161 0.112717 -0.300266 1.53973 0.0172743 0 -2.53232e-06
162 0.113259 -0.283 1.53963 0.0172743 0 -2.53043e-06
163 0.113802 -0.265735 1.53952 0.0172743 0 0.0199515
164 0.114345 -0.248469 1.53941 0.0172743 0 0.0172461
165 0.114899 -0.231072 1.53931 0.0174063 0 -2.51601e-06
166 0.115452 -0.213674 1.53921 0.0174063 0 -2.51124e-06
167 0.116005 -0.196276 1.53911 0.0174063 0 0.0170959
168 0.116559 -0.178879 1.53901 0.0174063 0 -2.48657e-06
169 0.117123 -0.161136 1.53892 0.0177517 0 0.019547
170 0.117688 -0.143394 1.53882 0.0177517 0 -2.46237e-06
171 0.118253 -0.125651 1.53872 0.0177517 0 -2.45779e-06
172 0.118817 -0.107908 1.53863 0.0177517 0 -2.45322e-06
173 0.119392 -0.090033 1.53853 0.0178842 0 -2.44866e-06
174 0.119967 -0.072158 1.53844 0.0178842 0 -2.44413e-06
175 0.120542 -0.054283 1.53834 0.0178842 0 -2.44238e-06
176 0.121117 -0.036408 1.53825 0.0178842 0 -2.44064e-06
177 0.121702 -0.0184822 1.53814 0.0179354 0 0.0166858
178 0.122287 -0.00055635 1.53804 0.0179354 0 -2.43716e-06
179 0.122873 0.0173695 1.53794 0.0179354 0 0.0254602
180 0.123458 0.0352953 1.53784 0.0179354 0 0.025453
181 0.124054 0.053241 1.53771 0.0179556 0 0.0254459
182 0.12465 0.0711866 1.53759 0.0179556 0 0.00961766
183 0.125245 0.0891323 1.53747 0.0179556 0 0.0192289
184 0.125841 0.107078 1.53735 0.0179556 0 0.0254328
185 0.126447 0.125032 1.53722 0.017964 0 -2.43357e-06
186 0.127052 0.142985 1.53709 0.0179639 0 0.00961317
187 0.127658 0.160939 1.53695 0.017964 0 -2.43315e-06
188 0.128263 0.178893 1.53682 0.017964 0 0.0166456
189 0.128878 0.19685 1.53669 0.0179678 0 0.0192191
190 0.129494 0.214807 1.53656 0.0179678 0 -2.43276e-06
191 0.130109 0.232765 1.53643 0.0179678 0 0.0192175
192 0.130724 0.250722 1.5363 0.0179678 0 0.0192169
193 0.131348 0.268681 1.53617 0.0179699 0 -2.43255e-06
194 0.131973 0.28664 1.53605 0.0179699 0 0.00961001
195 0.132598 0.304599 1.53592 0.0179699 0 0.00960983
196 0.133222 0.322558 1.53579 0.0179699 0 0.0254175
197 0.133856 0.340518 1.53567 0.0179712 0 -2.43235e-06
198 0.13449 0.358478 1.53554 0.0179712 0 -2.4323e-06
199 0.135124 0.376438 1.53541 0.0179712 0 0.019214
200 0.135758 0.394398 1.53529 0.0179712 0 -2.4322e-06
201 0.136401 0.412359 1.53517 0.0179727 0 -2.43214e-06
202 0.137044 0.430321 1.53504 0.0179728 0 0.00960847
203 0.137686 0.448282 1.53492 0.0179728 0 0.00960822
204 0.138329 0.466243 1.5348 0.0179727 0 0.0166384
205 0.138981 0.484206 1.53468 0.0179746 0 -2.43191e-06
206 0.139632 0.502168 1.53456 0.0179745 0 -2.43185e-06
207 0.140283 0.520131 1.53444 0.0179746 0 0.0166369
208 0.140935 0.538094 1.53432 0.0179746 0 -2.43166e-06
209 0.141595 0.556059 1.53421 0.0179774 0 -2.43156e-06
210 0.142255 0.574024 1.5341 0.0179774 0 -2.43147e-06
211 0.142916 0.59199 1.53398 0.0179774 0 -2.43127e-06
212 0.143576 0.609955 1.53387 0.0179774 0 0.00960444
213 0.144244 0.627926 1.53377 0.0179832 0 0.0192031
214 0.144913 0.645896 1.53367 0.0179832 0 -2.43068e-06
215 0.145581 0.663867 1.53357 0.0179832 0 0.019198
216 0.14625 0.681838 1.53346 0.0179832 0 -2.42977e-06
217 0.146927 0.699822 1.53338 0.0179967 0 0.0166202
218 0.147604 0.717806 1.5333 0.0179968 0 -2.42885e-06
219 0.148281 0.73579 1.53323 0.0179968 0 0.0166092
220 0.148958 0.753774 1.53315 0.0179967 0 0.0166014
221 0.149642 0.771792 1.53311 0.0180308 0 -2.42541e-06
222 0.150327 0.789809 1.53308 0.0180307 0 -2.42427e-06
223 0.151011 0.807827 1.53305 0.0180308 0 0.0165657
224 0.151696 0.825845 1.53302 0.0180308 0 -2.41842e-06
225 0.152388 0.84395 1.53301 0.018118 0 0.0165257
226 0.153081 0.862054 1.53299 0.018118 0 -2.4126e-06
227 0.153774 0.880159 1.53298 0.018118 0 0.00950176
228 0.154466 0.898264 1.53297 0.018118 0 -2.39762e-06
229 0.155166 0.916595 1.53297 0.0183443 0 -2.3902e-06
230 0.155865 0.934926 1.53296 0.0183444 0 -2.38282e-06
231 0.156565 0.953257 1.53296 0.0183443 0 0.0093486
232 0.157265 0.971588 1.53296 0.0183443 0 0.0245569
233 0.157972 0.990431 1.53296 0.0188563 0 -2.33398e-06
234 0.158679 1.00927 1.53296 0.0188563 0 -2.31814e-06
235 0.159386 1.02812 1.53296 0.0188562 0 0.00913469
236 0.160093 1.04696 1.53296 0.0188563 0 -2.30623e-06
237 0.160807 1.066 1.53296 0.0190509 0 -2.30033e-06
238 0.161521 1.08504 1.53295 0.019051 0 -2.29445e-06
239 0.162235 1.10407 1.53295 0.0190509 0 -2.29219e-06
240 0.162949 1.12311 1.53295 0.0190509 0 -2.28994e-06
241 0.16367 1.14222 1.53293 0.0191261 0 -2.28768e-06
242 0.164391 1.16133 1.53291 0.0191261 0 -2.28543e-06
243 0.165111 1.18045 1.5329 0.0191262 0 -2.28453e-06
244 0.165832 1.19956 1.53288 0.0191261 0 -2.28363e-06
245 0.166559 1.2187 1.53282 0.0191563 0 -2.28273e-06
246 0.167287 1.23784 1.53276 0.0191562 0 -2.28183e-06
247 0.168014 1.25699 1.5327 0.0191563 0 -2.28145e-06
248 0.168741 1.27613 1.53265 0.0191563 0 0.0180197
249 0.169474 1.29528 1.53258 0.0191691 0 -2.28069e-06
250 0.170208 1.31444 1.53251 0.0191691 0 0.00900883
251 0.170942 1.33359 1.53244 0.0191689 0 -2.28023e-06
252 0.171675 1.35275 1.53237 0.0191691 0 0.0155997
253 0.172414 1.37191 1.53229 0.0191718 0 -2.28007e-06
254 0.173154 1.39107 1.53222 0.0191718 0 0.00900753
255 0.173893 1.41022 1.53214 0.0191718 0 -2.27991e-06
256 0.174633 1.42938 1.53207 0.0191718 0 -2.27982e-06
257 0.175379 1.44854 1.532 0.0191744 0 0.0155969
258 0.176124 1.4677 1.53192 0.0191745 0 -2.27967e-06
259 0.176869 1.48686 1.53185 0.0191745 0 -2.27958e-06
260 0.177615 1.50602 1.53178 0.0191744 0 0.0180073
261 0.178366 1.52518 1.53171 0.0191772 0 0.0180067
262 0.179117 1.54434 1.53163 0.0191771 0 -2.27934e-06
263 0.179868 1.56351 1.53156 0.0191772 0 -2.27941e-06
264 0.180619 1.58267 1.53149 0.0191772 0 0.0155951
265 0.181376 1.60183 1.53142 0.019175 0 0.0155955
266 0.182132 1.62099 1.53135 0.019175 0 -2.27961e-06
267 0.182888 1.64015 1.53129 0.0191748 0 0.0155955
268 0.183645 1.65931 1.53122 0.019175 0 -2.27945e-06
269 0.184407 1.67847 1.53115 0.0191777 0 -2.27937e-06
270 0.185169 1.69763 1.53109 0.0191776 0 -2.27929e-06
271 0.18593 1.7168 1.53102 0.0191777 0 -2.27928e-06
272 0.186692 1.73596 1.53096 0.0191777 0 -2.27927e-06
273 0.187459 1.75512 1.53089 0.0191779 0 0.0155937
274 0.188226 1.77429 1.53083 0.0191779 0 0.00900469
275 0.188992 1.79345 1.53077 0.0191777 0 -2.27919e-06
276 0.189759 1.81261 1.53071 0.0191779 0 -2.27911e-06
277 0.19053 1.83177 1.53065 0.0191804 0 -2.27903e-06
278 0.191301 1.85094 1.53059 0.0191806 0 -2.27895e-06
279 0.192073 1.87011 1.53053 0.0191806 0 -2.27902e-06
280 0.192844 1.88927 1.53047 0.0191804 0 0.0155924
281 0.19362 1.90843 1.53042 0.0191782 0 -2.27916e-06
282 0.194396 1.92759 1.53036 0.0191781 0 -2.27922e-06
283 0.195171 1.94676 1.53031 0.0191782 0 0.0180045
284 0.195947 1.96592 1.53025 0.0191782 0 0.0238153
285 0.196727 1.98509 1.5302 0.0191809 0 0.0180033
286 0.197507 2.00425 1.53015 0.0191809 0 0.00900329
287 0.198286 2.02341 1.5301 0.0191807 0 0.0155912
288 0.199066 2.04258 1.53004 0.0191809 0 0.0155911
289 0.19985 2.06174 1.53 0.0191811 0 -2.27889e-06
290 0.200633 2.08091 1.52995 0.0191811 0 -2.27888e-06
291 0.201417 2.10008 1.5299 0.0191811 0 -2.27896e-06
292 0.202201 2.11924 1.52985 0.0191811 0 0.00900374
293 0.202988 2.1384 1.5298 0.0191786 0 -2.2791e-06
294 0.203775 2.15757 1.52976 0.0191788 0 -2.27917e-06
295 0.204563 2.17673 1.52971 0.0191786 0 -2.27909e-06
296 0.20535 2.19589 1.52967 0.0191786 0 -2.27901e-06
297 0.206141 2.21505 1.52962 0.0191813 0 -2.27893e-06
298 0.206932 2.23422 1.52958 0.0191813 0 -2.27885e-06
299 0.207722 2.25339 1.52953 0.0191813 0 0.00900303
300 0.208513 2.27255 1.52949 0.0191813 0 -2.27884e-06
301 0.209307 2.29172 1.52945 0.0191815 0 0.0155908
302 0.210101 2.31088 1.52941 0.0191815 0 -2.27884e-06
303 0.210894 2.33004 1.52937 0.0191812 0 -2.27884e-06
304 0.211688 2.34921 1.52932 0.0191815 0 0.00900301
305 0.212485 2.36838 1.52928 0.0191816 0 -2.27883e-06
306 0.213282 2.38754 1.52924 0.0191814 0 0.00900295
307 0.214079 2.4067 1.5292 0.0191816 0 -2.27889e-06
308 0.214876 2.42587 1.52916 0.0191816 0 -2.27896e-06
309 0.215676 2.44503 1.52911 0.0191793 0 -2.27903e-06
310 0.216476 2.4642 1.52906 0.0191791 0 -2.2791e-06
311 0.217275 2.48336 1.52902 0.0191791 0 -2.27903e-06
312 0.218075 2.50252 1.52897 0.0191793 0 -2.27894e-06
313 0.218878 2.52169 1.5289 0.0191819 0 -2.27887e-06
314 0.219681 2.54085 1.52883 0.0191819 0 -2.2788e-06
315 0.220484 2.56001 1.52877 0.0191816 0 0.0155909
316 0.221287 2.57918 1.5287 0.0191819 0 -2.27894e-06
317 0.222093 2.59834 1.52857 0.0191794 0 0.0180034
318 0.222899 2.61751 1.52845 0.0191796 0 -2.27908e-06
319 0.223706 2.63667 1.52833 0.0191794 0 -2.27899e-06
320 0.224512 2.65583 1.5282 0.0191794 0 0.0090033
321 0.225324 2.67499 1.52792 0.0191823 0 -2.27883e-06
322 0.226137 2.69416 1.52763 0.0191823 0 -2.27874e-06
323 0.226949 2.71333 1.52735 0.0191823 0 0.0180018
324 0.227762 2.73249 1.52707 0.0191823 0 0.00900311
325 0.228587 2.75165 1.52637 0.0191802 0 0.0155913
326 0.229411 2.77081 1.52567 0.0191802 0 -2.27898e-06
327 0.230236 2.78998 1.52497 0.0191804 0 0.0238132
328 0.231061 2.80914 1.52427 0.0191802 0 0.0402497
329 0.231916 2.82831 1.52247 0.0191841 0 0.0220461
330 0.23277 2.84747 1.52067 0.0191838 0 -2.27853e-06
331 0.233624 2.86663 1.51887 0.0191841 0 0.051688
332 0.234479 2.8858 1.51707 0.0191841 0 0.104152
333 0.235409 2.90497 1.51242 0.01919 0 0.0539781
334 0.23634 2.92413 1.50776 0.0191902 0 -2.27781e-06
335 0.237271 2.9433 1.50311 0.0191902 0 0.132788
336 0.238201 2.96247 1.49845 0.01919 0 0.264594
337 0.239328 2.98165 1.49282 0.0192105 0 0.132718
338 0.240454 3.00082 1.48718 0.0192105 0 -2.27538e-06
339 0.241581 3.02 1.48155 0.0192107 0 0.344652
340 0.242707 3.03918 1.47592 0.0192105 0 0.688071
341 0.244346 3.05838 1.47014 0.0192673 0 0.343798
342 0.245984 3.07757 1.46437 0.0192673 0 -2.26868e-06
343 0.247623 3.09677 1.4586 0.0192673 0 0.888826
344 0.249262 3.11597 1.45283 0.0192673 0 1.76151
345 0.25224 3.13523 1.44745 0.0194865 0 0.873748
346 0.255219 3.15448 1.44207 0.0194865 0 -2.24316e-06
347 0.258197 3.17374 1.4367 0.0194865 0 0.313909
348 0.261175 3.193 1.43132 0.0194865 0 0.622439
349 0.264664 3.21241 1.42652 0.0197209 0 0.308811
350 0.268153 3.23182 1.42171 0.0197212 0 0.0151642
351 0.271641 3.25123 1.41691 0.0197209 0 0.0743867
352 0.27513 3.27064 1.4121 0.0197209 0 0.146452
353 0.278809 3.29045 1.40862 0.0201488 0 0.0710291
354 0.282489 3.31026 1.40513 0.0201488 0 -2.16942e-06
355 0.286169 3.33007 1.40165 0.020149 0 0.0770588
356 0.289848 3.34988 1.39816 0.0201488 0 0.14962
357 0.293589 3.37074 1.39798 0.0211954 0 0.0709416
358 0.29733 3.3916 1.3978 0.0211951 0 -2.06231e-06
359 0.301072 3.41247 1.39761 0.0211954 0 0.0436598
360 0.304813 3.43333 1.39743 0.0211954 0 0.0819052
361 0.308549 3.45459 1.39941 0.0215881 0 0.0432607
362 0.312284 3.47585 1.40138 0.021588 0 -2.02479e-06
363 0.316019 3.49712 1.40336 0.0215883 0 0.0575712
364 0.319755 3.51838 1.40534 0.0215881 0 0.110159
365 0.323413 3.5398 1.41058 0.0217275 0 0.0539734
366 0.32707 3.56121 1.41581 0.0217277 0 -2.01179e-06
367 0.330728 3.58263 1.42105 0.0217277 0 0.124078
368 0.334386 3.60405 1.42629 0.0217275 0 0.248603
369 0.337815 3.62553 1.43287 0.0217495 0 0.124273
370 0.341244 3.64701 1.43946 0.0217497 0 0.0137498
371 0.344674 3.66848 1.44604 0.0217495 0 0.319143
372 0.348103 3.68996 1.45263 0.0217495 0 0.639293
373 0.350926 3.71146 1.46073 0.021682 0 0.320134
374 0.353749 3.73295 1.46884 0.021682 0 -2.01602e-06
375 0.356571 3.75445 1.47694 0.021682 0 0.844262
376 0.359394 3.77595 1.48505 0.021682 0 1.69582
377 0.360627 3.79746 1.49483 0.0215428 0 0.85238
378 0.361859 3.81896 1.50461 0.0215428 0 -2.02905e-06
379 0.363091 3.84047 1.51439 0.0215428 0 0.438958
380 0.364324 3.86198 1.52417 0.0215428 0 0.878754
381 0.364742 3.88349 1.53523 0.0215142 0 0.439618
382 0.365159 3.905 1.5463 0.0215139 0 0.00802687
383 0.365577 3.92651 1.55737 0.0215139 0 0.461403
384 0.365994 3.94802 1.56843 0.0215142 0 0.922407
385 0.365557 3.96953 1.58158 0.0215169 0 0.460955
386 0.365121 3.99104 1.59473 0.0215169 0 -2.03149e-06
387 0.364685 4.01256 1.60787 0.0215169 0 0.530292
388 0.364248 4.03407 1.62102 0.0215169 0 1.05905
389 0.362828 4.05558 1.63296 0.0215617 0 0.528831
390 0.361408 4.0771 1.64491 0.0215617 0 -2.02726e-06
391 0.359987 4.09862 1.65685 0.0215622 0 0.477148
392 0.358567 4.12013 1.66879 0.0215617 0 0.951761
393 0.356256 4.14164 1.68157 0.0216363 0 0.474717
394 0.353944 4.16316 1.69434 0.0216363 0 -2.02028e-06
395 0.351633 4.18467 1.70712 0.0216363 0 0.890893
396 0.349321 4.20618 1.71989 0.0216363 0 1.76622
397 0.34532 4.22769 1.73259 0.0218791 0 0.876344
398 0.341318 4.2492 1.74528 0.0218786 0 -1.99787e-06
399 0.337317 4.27071 1.75797 0.0218791 0 0.514556
400 0.333316 4.29222 1.77067 0.0218791 0 1.02198
401 0.328305 4.31373 1.78367 0.0220884 0 0.507473
402 0.323294 4.33525 1.79668 0.0220884 0 -1.97893e-06
403 0.318283 4.35676 1.80969 0.0220884 0 0.661213
404 0.313272 4.37827 1.8227 0.0220884 0 1.30705
405 0.306923 4.39978 1.83535 0.0224248 0 0.646136
406 0.300574 4.42129 1.848 0.0224253 0 -1.94922e-06
407 0.294225 4.44279 1.86066 0.0224253 0 0.416335
408 0.287876 4.4643 1.87331 0.0224248 0 0.825445
409 0.28065 4.4858 1.8847 0.0226797 0 0.409468
410 0.273423 4.5073 1.89608 0.0226793 0 0.013186
411 0.266197 4.52879 1.90747 0.0226793 0 0.590508
412 0.258971 4.55029 1.91886 0.0226797 0 1.16472
413 0.250451 4.57177 1.93262 0.0231081 0 0.574312
414 0.241931 4.59325 1.94639 0.0231081 0 0.0129415
415 0.233411 4.61473 1.96016 0.0231077 0 0.359824
416 0.224891 4.63621 1.97392 0.0231081 0 0.712963
417 0.215556 4.65764 1.98683 0.023377 0 0.353659
418 0.206222 4.67908 1.99974 0.0233775 0 -1.86984e-06
419 0.196887 4.70051 2.01265 0.023377 0 0.501203
420 0.187552 4.72194 2.02556 0.023377 0 0.990305
421 0.177067 4.74324 2.03816 0.0237406 0 0.489299
422 0.166582 4.76454 2.05077 0.0237407 0 -1.8412e-06
423 0.156097 4.78584 2.06338 0.0237411 0 1.04474
424 0.145612 4.80714 2.07598 0.0237406 0 2.01566
425 0.132491 4.82828 2.08939 0.0248809 0 0.973695
426 0.11937 4.84942 2.10279 0.0248805 0 -1.75683e-06
427 0.10625 4.87056 2.11619 0.0248809 0 0.421054
428 0.0931289 4.8917 2.12959 0.0248809 0 0.836015
429 0.0789898 4.91249 2.14318 0.0251405 0 0.414777
430 0.0648507 4.93328 2.15678 0.0251405 0 0.00970936
431 0.0507116 4.95406 2.17037 0.0251401 0 0.341301
432 0.0365725 4.97485 2.18396 0.0251405 0 0.692497
433 0.0220144 4.99474 2.19701 0.0246503 0 0.3513
434 0.00745635 5.01464 2.21007 0.0246507 0 -1.77325e-06
435 -0.00710172 5.03453 2.22312 0.0246507 0 0.681089
436 -0.0216598 5.05442 2.23617 0.0246503 0 1.43632
437 -0.0364557 5.07198 2.2475 0.0229624 0 0.757241
438 -0.0512515 5.08954 2.25883 0.0229624 0 0.00752058
439 -0.0660474 5.1071 2.27016 0.0229624 0 0.40682
440 -0.0808432 5.12466 2.28149 0.0229624 0 0.828083
441 -0.0959327 5.14126 2.29708 0.0224334 0 0.421571
442 -0.111022 5.15786 2.31268 0.022433 0 -1.94851e-06
443 -0.126112 5.17446 2.32828 0.0224334 0 0.369983
444 -0.141201 5.19106 2.34387 0.0224334 0 0.741387
445 -0.15679 5.20711 2.36469 0.0223712 0 0.37194
446 -0.172379 5.22315 2.38551 0.0223712 0 -1.95392e-06
447 -0.187969 5.23919 2.40634 0.0223708 0 0.666074
448 -0.203558 5.25524 2.42716 0.0223712 0 1.31502
449 -0.220351 5.27059 2.44961 0.0227497 0 0.649549
450 -0.237144 5.28593 2.47206 0.0227497 0 -1.9214e-06
451 -0.253937 5.30128 2.49452 0.0227497 0 1.49699
452 -0.27073 5.31663 2.51697 0.0227497 0 2.8522
453 -0.290635 5.33043 2.5433 0.0242241 0 1.36218
454 -0.310541 5.34424 2.56963 0.0242243 0 -1.80446e-06
455 -0.330446 5.35805 2.59595 0.0242241 0 1.7206
456 -0.350352 5.37185 2.62228 0.0242241 0 3.53444
457 -0.371446 5.38173 2.6537 0.0232957 0 1.82425
458 -0.392541 5.39162 2.68511 0.0232957 0 -1.87637e-06
459 -0.413635 5.4015 2.71653 0.0232959 0 1.24641
460 -0.43473 5.41139 2.74795 0.0232957 0 2.5372
461 -0.456279 5.41856 2.78026 0.0227123 0 1.29431
462 -0.477829 5.42574 2.81258 0.0227125 0 0.00760337
463 -0.499378 5.43292 2.84489 0.0227123 0 1.19284
464 -0.520927 5.44009 2.87721 0.0227123 0 2.42214
465 -0.54265 5.44478 2.94991 0.0222229 0 1.23212
466 -0.564373 5.44946 3.02262 0.022223 0 0.0155382
467 -0.586096 5.45415 3.09532 0.0222231 0 1.93699
468 -0.607819 5.45884 -3.11516 0.0222229 0 3.91819
469 -0.629609 5.45971 -3.10456 0.0218067 0 1.99237
470 -0.651398 5.46058 -3.09397 0.0218068 0 0.0137138
471 -0.673187 5.46144 -3.08337 0.0218067 0 0.955997
472 -0.694977 5.46231 -3.07277 0.0218067 0 1.90816
473 -0.716792 5.46136 -3.06874 0.0218357 0 0.953921
474 -0.738607 5.46041 -3.0647 0.0218357 0 -2.00183e-06
475 -0.760422 5.45946 -3.06066 0.0218357 0 0.364518
476 -0.782237 5.45851 -3.05662 0.0218357 0 0.72762
477 -0.804062 5.45686 -3.06317 0.0218869 0 0.363405
478 -0.825886 5.45521 -3.06972 0.0218868 0 -1.99715e-06
479 -0.847711 5.45357 -3.07626 0.0218868 0 0.13973
480 -0.869536 5.45192 -3.08281 0.0218869 0 0.277476
481 -0.891364 5.45001 -3.07722 0.0219123 0 0.138304
482 -0.913193 5.44809 -3.07162 0.0219124 0 -1.99483e-06
483 -0.935022 5.44618 -3.06603 0.0219124 0 0.0534261
484 -0.95685 5.44426 -3.06044 0.0219123 0 0.103899
485 -0.97868 5.44225 -3.05831 0.0219228 0 0.0516459
486 -1.00051 5.44023 -3.05617 0.0219227 0 -1.99388e-06
487 -1.02234 5.43822 -3.05403 0.0219229 0 0.0222698
488 -1.04417 5.4362 -3.05189 0.0219228 0 0.0416634
489 -1.066 5.43414 -3.05108 0.0219265 0 0.0236218
490 -1.08783 5.43209 -3.05027 0.0219266 0 -1.99354e-06
491 -1.10966 5.43004 -3.04945 0.0219264 0 0.0136386
492 -1.13149 5.42798 -3.04864 0.0219265 0 -1.99348e-06
493 -1.15332 5.42591 -3.04833 0.0219279 0 0.0136382
494 -1.17515 5.42384 -3.04802 0.0219279 0 -1.99341e-06
495 -1.19698 5.42177 -3.0477 0.021928 0 -1.9934e-06
496 -1.21881 5.4197 -3.04739 0.0219279 0 -1.99338e-06
497 -1.24064 5.41762 -3.04727 0.0219286 0 -1.99336e-06
498 -1.26247 5.41554 -3.04716 0.0219287 0 -1.99334e-06
499 -1.2843 5.41347 -3.04704 0.0219287 0 -1.99334e-06
500 -1.30613 5.41139 -3.04692 0.0219286 0 -1.99335e-06
501 -1.32796 5.40931 -3.04687 0.0219286 0 -1.99335e-06
502 -1.34979 5.40724 -3.04682 0.0219287 0 -1.99335e-06
503 -1.37162 5.40516 -3.04678 0.0219286 0 -1.99334e-06
504 -1.39345 5.40308 -3.04673 0.0219286 0 0.0136375
505 -1.41528 5.401 -3.04672 0.0219288 0 -1.99333e-06
506 -1.43711 5.39892 -3.0467 0.0219288 0 -1.99333e-06
507 -1.45894 5.39684 -3.04669 0.0219289 0 -1.99333e-06
508 -1.48077 5.39476 -3.04667 0.0219288 0 0.0136374
509 -1.5026 5.39268 -3.04667 0.0219286 0 -1.99334e-06
510 -1.52443 5.3906 -3.04667 0.0219287 0 -1.99335e-06
511 -1.54626 5.38853 -3.04667 0.0219286 0 -1.99334e-06
512 -1.56809 5.38645 -3.04667 0.0219286 0 0.0136375
513 -1.58992 5.38437 -3.04667 0.0219289 0 -1.99333e-06
514 -1.61175 5.38229 -3.04667 0.0219288 0 -1.99332e-06
515 -1.63358 5.38021 -3.04667 0.0219288 0 -1.99333e-06
516 -1.65541 5.37813 -3.04668 0.0219289 0 0.0136375
517 -1.67724 5.37605 -3.04668 0.0219286 0 -1.99334e-06
518 -1.69907 5.37397 -3.04668 0.0219286 0 -1.99335e-06
519 -1.7209 5.3719 -3.04669 0.0219287 0 -1.99335e-06
520 -1.74273 5.36982 -3.04669 0.0219286 0 -1.99335e-06
521 -1.76456 5.36774 -3.04669 0.0219286 0 -1.99335e-06
522 -1.78639 5.36566 -3.04669 0.0219287 0 -1.99335e-06
523 -1.80822 5.36359 -3.0467 0.0219286 0 0.0136371
524 -1.83005 5.36151 -3.0467 0.0219286 0 -1.99324e-06
525 -1.85188 5.35943 -3.0467 0.0219311 0 0.0136364
526 -1.87371 5.35736 -3.04671 0.0219311 0 -1.99312e-06
527 -1.89555 5.35528 -3.04671 0.0219312 0 0.0136364
528 -1.91738 5.3532 -3.04671 0.0219311 0 -1.99323e-06
529 -1.93921 5.35112 -3.04672 0.0219286 0 0.0136371
530 -1.96104 5.34904 -3.04672 0.0219287 0 -1.99335e-06
531 -1.98287 5.34697 -3.04672 0.0219286 0 0.0136371
532 -2.0047 5.34489 -3.04672 0.0219286 0 -1.99323e-06
533 -2.02653 5.34281 -3.04672 0.0219311 0 0.0136363
534 -2.04837 5.34073 -3.04673 0.0219313 0 -1.99312e-06
535 -2.0702 5.33866 -3.04673 0.0219311 0 0.0136363
536 -2.09203 5.33658 -3.04674 0.0219311 0 -1.99324e-06
537 -2.11386 5.3345 -3.04674 0.0219287 0 0.0111311
538 -2.13569 5.33243 -3.04674 0.0219284 0 -1.99335e-06
539 -2.15752 5.33035 -3.04674 0.0219285 0 0.0111311
540 -2.17935 5.32827 -3.04674 0.0219287 0 -1.99324e-06
541 -2.20118 5.32619 -3.04674 0.0219311 0 -1.99317e-06
542 -2.22301 5.32411 -3.04675 0.0219311 0 -1.99312e-06
543 -2.24485 5.32204 -3.04675 0.0219313 0 -1.99312e-06
544 -2.26668 5.31996 -3.04676 0.0219311 0 -1.99313e-06
545 -2.28851 5.31788 -3.04676 0.0219309 0 -1.99313e-06
546 -2.31035 5.31581 -3.04677 0.0219311 0 0.0136361
547 -2.33218 5.31374 -3.04677 0.0219309 0 -1.99319e-06
548 -2.35401 5.31166 -3.04678 0.0219309 0 0.0136368
549 -2.37584 5.30958 -3.04678 0.0219287 0 -1.9933e-06
550 -2.39767 5.3075 -3.04679 0.0219285 0 -1.99335e-06
551 -2.4195 5.30543 -3.0468 0.0219284 0 -1.9933e-06
552 -2.44133 5.30335 -3.04681 0.0219287 0 0.0136369
553 -2.46316 5.30128 -3.04683 0.0219308 0 -1.99319e-06
554 -2.48499 5.2992 -3.04684 0.0219309 0 0.0136361
555 -2.50683 5.29712 -3.04686 0.0219311 0 0.0136361
556 -2.52866 5.29505 -3.04687 0.0219308 0 0.0136361
557 -2.55049 5.29297 -3.0469 0.0219309 0 -1.99315e-06
558 -2.57232 5.2909 -3.04693 0.0219308 0 -1.99315e-06
559 -2.59416 5.28883 -3.04695 0.0219309 0 -1.99321e-06
560 -2.61599 5.28675 -3.04698 0.0219309 0 -1.99327e-06
561 -2.63782 5.28468 -3.04705 0.0219282 0 -1.99333e-06
562 -2.65965 5.28261 -3.04712 0.021928 0 -1.99339e-06
563 -2.68148 5.28053 -3.04719 0.0219283 0 -1.99334e-06
564 -2.70331 5.27846 -3.04726 0.0219282 0 -1.99329e-06
565 -2.72514 5.27639 -3.04743 0.0219304 0 -1.99323e-06
566 -2.74697 5.27432 -3.04759 0.0219304 0 -1.99318e-06
567 -2.76881 5.27225 -3.04775 0.0219306 0 -1.99326e-06
568 -2.79064 5.27018 -3.04792 0.0219304 0 -1.99334e-06
569 -2.81247 5.26812 -3.04836 0.0219268 0 -1.99342e-06
570 -2.8343 5.26606 -3.04879 0.0219271 0 -1.9935e-06
571 -2.85613 5.264 -3.04923 0.0219271 0 0.0136392
572 -2.87796 5.26194 -3.04967 0.0219268 0 0.0236226
573 -2.89979 5.2599 -3.05081 0.0219226 0 -1.9938e-06
574 -2.92162 5.25786 -3.05194 0.0219228 0 -1.99389e-06
575 -2.94344 5.25582 -3.05307 0.0219226 0 0.0236282
576 -2.96527 5.25378 -3.05421 0.0219226 0 0.05457
577 -2.98709 5.25179 -3.05719 0.0219104 0 0.0261264
578 -3.00891 5.2498 -3.06018 0.0219104 0 0.0111407
579 -3.03073 5.24782 -3.06317 0.0219102 0 0.0768258
580 -3.05255 5.24583 -3.06616 0.0219104 0 0.152087
581 -3.07435 5.24399 -3.06988 0.021875 0 0.0768877
582 -3.09615 5.24215 -3.07359 0.0218751 0 0.013671
583 -3.11794 5.24031 -3.07731 0.021875 0 0.19221
584 -3.13974 5.23847 -3.08103 0.021875 0 0.385192
585 -3.16148 5.237 -3.08501 0.0217894 0 0.194204
586 -3.18322 5.23554 -3.08898 0.0217894 0 -2.00608e-06
587 -3.20496 5.23407 -3.09296 0.0217897 0 0.514347
588 -3.2267 5.2326 -3.09694 0.0217894 0 1.03576
589 -3.24829 5.23212 -3.1083 0.0215978 0 0.521464
590 -3.26989 5.23163 -3.11967 0.0215981 0 -2.02387e-06
591 -3.29148 5.23114 -3.13104 0.0215981 0 0.203315
592 -3.31307 5.23066 3.14078 0.0215978 0 0.407399
593 -3.3346 5.23056 3.13968 0.0215328 0 0.204719
594 -3.35613 5.23045 3.13859 0.0215326 0 -2.03e-06
595 -3.37767 5.23034 3.13749 0.0215328 0 0.0797901
596 -3.3992 5.23024 3.1364 0.0215328 0 0.158815
597 -3.42071 5.23028 3.13542 0.0215102 0 0.0810346
598 -3.44222 5.23032 3.13444 0.0215099 0 -2.03214e-06
599 -3.46373 5.23037 3.13346 0.0215099 0 0.0384907
600 -3.48524 5.23041 3.13248 0.0215102 0 0.0798665
601 -3.50674 5.23053 3.13308 0.0215028 0 0.0393286
602 -3.52824 5.23064 3.13369 0.0215028 0 -2.03282e-06
603 -3.54975 5.23075 3.13429 0.0215028 0 0.0331013
604 -3.57125 5.23087 3.13489 0.0215028 0 0.0685959
605 -3.59275 5.23105 3.13399 0.0215008 0 0.0367955
606 -3.61425 5.23123 3.13309 0.0215006 0 0.0139089
607 -3.63575 5.2314 3.1322 0.0215006 0 0.0627138
608 -3.65725 5.23158 3.1313 0.0215008 0 0.127724
609 -3.67875 5.23187 3.13067 0.0214971 0 0.0627191
610 -3.70024 5.23217 3.13005 0.0214971 0 -2.03337e-06
611 -3.72174 5.23246 3.12942 0.0214969 0 0.0266338
612 -3.74323 5.23276 3.12879 0.0214971 0 0.0475157
613 -3.76472 5.2331 3.1283 0.0214925 0 0.0278233
614 -3.78621 5.23344 3.1278 0.0214928 0 -2.03378e-06
615 -3.8077 5.23378 3.1273 0.0214928 0 -2.03389e-06
616 -3.82919 5.23412 3.12681 0.0214925 0 0.0196791
617 -3.85068 5.23448 3.12642 0.0214881 0 -2.03412e-06
618 -3.87216 5.23483 3.12602 0.0214878 0 -2.03423e-06
619 -3.89364 5.23519 3.12563 0.0214878 0 0.0139212
620 -3.91513 5.23555 3.12524 0.0214881 0 0.0139253
621 -3.93659 5.23592 3.12505 0.0214632 0 -2.03599e-06
622 -3.95805 5.23628 3.12486 0.0214629 0 -2.03658e-06
623 -3.97951 5.23664 3.12466 0.0214632 0 0.0139414
624 -4.00097 5.23701 3.12447 0.0214632 0 0.019727
625 -4.02238 5.23738 3.12429 0.0214132 0 -2.04014e-06
626 -4.04379 5.23775 3.12411 0.0214132 0 -2.04133e-06
627 -4.0652 5.23812 3.12394 0.0214132 0 -2.04473e-06
628 -4.08661 5.23849 3.12376 0.0214132 0 -2.04814e-06
629 -4.10788 5.23886 3.12359 0.0212707 0 -2.05156e-06
630 -4.12914 5.23924 3.12343 0.0212707 0 -2.05499e-06
631 -4.15041 5.23962 3.12326 0.0212712 0 -2.05631e-06
632 -4.17168 5.23999 3.12309 0.0212707 0 0.0199078
633 -4.19289 5.24038 3.12292 0.0212162 0 0.0140865
634 -4.2141 5.24077 3.12275 0.0212157 0 -2.0603e-06
635 -4.23532 5.24116 3.12258 0.0212162 0 0.0244173
636 -4.25653 5.24155 3.12241 0.0212162 0 0.0398815
637 -4.27772 5.24197 3.12222 0.0211968 0 0.0230283
638 -4.29891 5.2424 3.12204 0.0211968 0 0.0141084
639 -4.32011 5.24283 3.12185 0.0211968 0 -2.06241e-06
640 -4.3413 5.24325 3.12167 0.0211968 0 0.0141116
641 -4.36248 5.24369 3.12144 0.0211871 0 0.0199585
642 -4.38367 5.24412 3.12121 0.0211871 0 -2.06312e-06
643 -4.40485 5.24456 3.12098 0.0211871 0 -2.06317e-06
644 -4.42603 5.245 3.12075 0.0211871 0 0.0141157
645 -4.44721 5.24545 3.12041 0.0211849 0 -2.0633e-06
646 -4.46839 5.24589 3.12008 0.0211844 0 -2.06335e-06
647 -4.48957 5.24634 3.11974 0.0211844 0 -2.06335e-06
648 -4.51075 5.24679 3.11941 0.0211849 0 0.0141163
649 -4.53193 5.24725 3.11908 0.0211852 0 0.0141163
650 -4.55311 5.24771 3.11875 0.0211852 0 -2.06331e-06
651 -4.57429 5.24817 3.11842 0.0211847 0 0.0141165
652 -4.59547 5.24863 3.11809 0.0211852 0 0.0282302
653 -4.61665 5.24912 3.11774 0.0211834 0 0.019964
654 -4.63783 5.24961 3.1174 0.021183 0 -2.06349e-06
655 -4.659 5.2501 3.11705 0.021183 0 0.0399245
656 -4.68018 5.25059 3.11671 0.0211834 0 0.0777392
657 -4.70136 5.25115 3.11632 0.0211852 0 0.0373456
658 -4.72254 5.25171 3.11593 0.0211847 0 -2.06332e-06
659 -4.74371 5.25227 3.11554 0.0211847 0 0.0199633
660 -4.76489 5.25283 3.11516 0.0211852 0 0.0345721
661 -4.78607 5.25342 3.11476 0.0211832 0 0.0141171
662 -4.80724 5.25401 3.11437 0.0211832 0 0.00815224
663 -4.82841 5.25461 3.11397 0.0211832 0 0.0115227
664 -4.84959 5.2552 3.11358 0.0211832 0 0.0244478
665 -4.87077 5.25581 3.11324 0.0211866 0 0.0141159
666 -4.89194 5.25642 3.11289 0.0211861 0 -2.06318e-06
667 -4.91312 5.25704 3.11255 0.0211861 0 0.0199619
668 -4.9343 5.25765 3.11221 0.0211866 0 0.0373435
669 -4.95547 5.2583 3.11199 0.0211847 0 -2.06329e-06
670 -4.97665 5.25894 3.11178 0.0211852 0 -2.06333e-06
671 -4.99783 5.25958 3.11157 0.0211847 0 -2.06332e-06
672 -5.019 5.26023 3.11136 0.0211847 0 0.0115222
673 -5.04017 5.26089 3.11121 0.0211852 0 0.0141161
674 -5.06135 5.26155 3.11106 0.0211852 0 -2.06329e-06
675 -5.08253 5.26221 3.11092 0.0211857 0 -2.06323e-06
676 -5.1037 5.26287 3.11077 0.0211852 0 0.0141151
677 -5.12488 5.26354 3.11066 0.0211877 0 -2.0631e-06
678 -5.14606 5.2642 3.11054 0.0211882 0 -2.06304e-06
679 -5.16723 5.26486 3.11043 0.0211877 0 0.0115209
680 -5.18841 5.26553 3.11032 0.0211877 0 -2.06316e-06
681 -5.20958 5.2662 3.11027 0.0211854 0 -2.06321e-06
682 -5.23076 5.26686 3.11022 0.0211854 0 -2.06326e-06
683 -5.25194 5.26753 3.11017 0.0211859 0 -2.06326e-06
684 -5.27311 5.2682 3.11012 0.0211854 0 -2.06325e-06
685 -5.29428 5.26887 3.1101 0.0211854 0 -2.06326e-06
686 -5.31546 5.26954 3.11008 0.0211859 0 -2.06326e-06
687 -5.33664 5.2702 3.11006 0.0211854 0 -2.06326e-06
688 -5.35781 5.27087 3.11004 0.0211854 0 0.0141159
689 -5.37898 5.27154 3.11003 0.0211855 0 -2.06326e-06
690 -5.40016 5.27221 3.11002 0.0211855 0 -2.06326e-06
691 -5.42134 5.27288 3.11001 0.021186 0 -2.06326e-06
692 -5.44251 5.27355 3.11 0.0211855 0 -2.06325e-06
693 -5.46369 5.27422 3.10999 0.0211855 0 -2.06326e-06
694 -5.48486 5.27489 3.10998 0.021186 0 -2.06326e-06
695 -5.50604 5.27556 3.10997 0.0211855 0 -2.06326e-06
696 -5.52721 5.27623 3.10996 0.0211855 0 -2.06327e-06
697 -5.54839 5.2769 3.10995 0.0211855 0 -2.06327e-06
698 -5.56956 5.27757 3.10994 0.0211855 0 -2.06327e-06
699 -5.59073 5.27824 3.10993 0.0211855 0 -2.06327e-06
700 -5.61191 5.27891 3.10992 0.0211855 0 -2.06327e-06
701 -5.63308 5.27958 3.10992 0.0211855 0 -2.06326e-06
702 -5.65426 5.28025 3.10991 0.0211855 0 -2.06326e-06
703 -5.67544 5.28092 3.10991 0.021186 0 -2.06326e-06
704 -5.69661 5.28159 3.1099 0.0211855 0 -2.06324e-06
705 -5.71778 5.28226 3.1099 0.0211856 0 -2.06325e-06
706 -5.73896 5.28294 3.10989 0.0211861 0 -2.06325e-06
707 -5.76014 5.28361 3.10989 0.0211856 0 -2.06325e-06
708 -5.78131 5.28428 3.10988 0.0211856 0 -2.06326e-06
709 -5.80248 5.28495 3.10987 0.0211856 0 -2.06325e-06
710 -5.82366 5.28562 3.10986 0.0211856 0 -2.06325e-06
711 -5.84484 5.2863 3.10985 0.0211861 0 -2.06325e-06
712 -5.86601 5.28697 3.10984 0.0211856 0 -2.06325e-06
713 -5.88719 5.28764 3.10983 0.0211856 0 -2.06326e-06
714 -5.90836 5.28831 3.10982 0.0211856 0 -2.06326e-06
715 -5.92953 5.28899 3.10981 0.0211856 0 -2.06326e-06
716 -5.95071 5.28966 3.1098 0.0211856 0 -2.06325e-06
717 -5.97188 5.29033 3.1098 0.0211856 0 -2.06325e-06
718 -5.99306 5.29101 3.10979 0.0211861 0 -2.06325e-06
719 -6.01424 5.29168 3.10978 0.0211856 0 0.0141157
720 -6.03541 5.29235 3.10977 0.0211856 0 -2.06326e-06
721 -6.05658 5.29303 3.10975 0.0211857 0 -2.06324e-06
722 -6.07776 5.2937 3.10973 0.0211857 0 -2.06324e-06
723 -6.09894 5.29437 3.10971 0.0211861 0 -2.06324e-06
724 -6.12011 5.29505 3.10969 0.0211857 0 -2.06323e-06
725 -6.14128 5.29572 3.10963 0.0211857 0 -2.06324e-06
726 -6.16246 5.2964 3.10958 0.0211861 0 -2.06324e-06
727 -6.18364 5.29708 3.10953 0.0211857 0 -2.06318e-06
728 -6.20481 5.29775 3.10947 0.0211857 0 -2.06313e-06
729 -6.22599 5.29843 3.10933 0.0211881 0 -2.06306e-06
730 -6.24716 5.2991 3.1092 0.0211881 0 -2.063e-06
731 -6.26834 5.29978 3.10906 0.0211886 0 -2.06306e-06
732 -6.28952 5.30046 3.10892 0.0211881 0 0.0141147
733 -6.31069 5.30114 3.10858 0.0211859 0 0.0141152
734 -6.33187 5.30183 3.10824 0.0211864 0 -2.06322e-06
735 -6.35304 5.30251 3.10791 0.0211859 0 0.0141151
736 -6.37422 5.30319 3.10757 0.0211859 0 0.0199604
737 -6.3954 5.30389 3.10668 0.0211889 0 -2.06299e-06
738 -6.41657 5.30459 3.1058 0.0211893 0 -2.06292e-06
739 -6.43775 5.30529 3.10492 0.0211893 0 0.0199586
740 -6.45893 5.30599 3.10403 0.0211889 0 0.0481996
741 -6.48011 5.30673 3.10173 0.0211903 0 0.0199579
742 -6.50129 5.30748 3.09942 0.0211908 0 -2.06278e-06
743 -6.52246 5.30822 3.09711 0.0211908 0 0.0576014
744 -6.54364 5.30896 3.09481 0.0211903 0 0.116916
745 -6.56482 5.30981 3.09198 0.0211942 0 0.0593007
746 -6.58599 5.31065 3.08915 0.0211942 0 -2.06241e-06
747 -6.60717 5.3115 3.08632 0.0211947 0 0.153875
748 -6.62835 5.31235 3.08349 0.0211942 0 0.308245
749 -6.64953 5.31347 3.08048 0.0212076 0 0.154475
750 -6.6707 5.3146 3.07748 0.0212072 0 -2.06114e-06
751 -6.69188 5.31573 3.07447 0.0212072 0 0.402545
752 -6.71306 5.31685 3.07147 0.0212076 0 0.804834
753 -6.73424 5.3187 3.06847 0.0212586 0 0.401731
754 -6.75541 5.32056 3.06547 0.0212582 0 -2.05619e-06
755 -6.77659 5.32241 3.06247 0.0212582 0 0.151008
756 -6.79777 5.32426 3.05947 0.0212586 0 0.302238
757 -6.81895 5.32639 3.05665 0.0212867 0 0.151776
758 -6.84013 5.32852 3.05384 0.0212863 0 -2.05347e-06
759 -6.86131 5.33064 3.05103 0.0212868 0 0.0601362
760 -6.88249 5.33277 3.04821 0.0212867 0 0.121076
761 -6.90367 5.33501 3.04595 0.021298 0 0.0601206
762 -6.92485 5.33724 3.04369 0.0212975 0 -2.05239e-06
763 -6.94603 5.33948 3.04142 0.0212975 0 0.019855
764 -6.96721 5.34172 3.03916 0.021298 0 0.0421085
765 -6.98839 5.344 3.03835 0.0213067 0 0.0243102
766 -7.00958 5.34627 3.03755 0.0213067 0 -2.05152e-06
767 -7.03077 5.34855 3.03674 0.0213072 0 -2.05125e-06
768 -7.05195 5.35082 3.03594 0.0213067 0 -2.05096e-06
769 -7.07314 5.35311 3.03579 0.021318 0 0.0140299
770 -7.09434 5.3554 3.03563 0.0213185 0 0.0140281
771 -7.11554 5.35768 3.03548 0.021318 0 -2.04976e-06
772 -7.13673 5.35997 3.03532 0.021318 0 0.014019
773 -7.15795 5.36226 3.03563 0.0213458 0 -2.04845e-06
774 -7.17918 5.36455 3.03594 0.0213458 0 0.01401
775 -7.2004 5.36684 3.03625 0.0213453 0 -2.04622e-06
776 -7.22162 5.36913 3.03656 0.0213458 0 0.0242262
777 -7.24291 5.37141 3.03746 0.0214113 0 -2.04306e-06
778 -7.2642 5.37368 3.03836 0.0214118 0 -2.0415e-06
779 -7.28549 5.37596 3.03926 0.0214113 0 0.0301079
780 -7.30678 5.37824 3.04017 0.0214113 0 0.0611562
781 -7.32825 5.38048 3.0424 0.021584 0 0.0330424
782 -7.34972 5.38272 3.04463 0.021584 0 -2.02519e-06
783 -7.37118 5.38495 3.04686 0.0215835 0 0.0690238
784 -7.39265 5.38719 3.04909 0.021584 0 0.136637
785 -7.41444 5.38933 3.05473 0.0218901 0 0.0671517
786 -7.43622 5.39147 3.06037 0.0218896 0 -1.99688e-06
787 -7.458 5.39361 3.06602 0.0218896 0 0.142675
788 -7.47979 5.39575 3.07166 0.0218901 0 0.286109
789 -7.5017 5.39762 3.0922 0.0219874 0 0.141482
790 -7.52361 5.3995 3.11275 0.0219879 0 -1.98801e-06
791 -7.54551 5.40138 3.1333 0.0219875 0 0.35794
792 -7.56742 5.40325 -3.12934 0.0219874 0 0.715609
793 -7.58937 5.40444 -3.11782 0.0219846 0 0.357712
794 -7.61133 5.40562 -3.1063 0.0219846 0 -1.98829e-06
795 -7.63328 5.40681 -3.09478 0.0219841 0 0.931835
796 -7.65523 5.40799 -3.08327 0.0219846 0 1.86236
797 -7.6772 5.40737 -3.07601 0.0219813 0 0.931672
798 -7.69917 5.40676 -3.06875 0.0219808 0 -1.98859e-06
799 -7.72115 5.40615 -3.06149 0.0219813 0 0.393949
800 -7.74312 5.40553 -3.05424 0.0219813 0 0.786626
801 -7.7651 5.40415 -3.05852 0.0220206 0 0.392577
802 -7.78708 5.40277 -3.0628 0.0220206 0 -1.98503e-06
803 -7.80905 5.4014 -3.06709 0.0220205 0 0.246316
804 -7.83103 5.40002 -3.07137 0.0220206 0 0.492385
805 -7.85301 5.39816 -3.06024 0.022061 0 0.245842
806 -7.875 5.39631 -3.04911 0.022061 0 -1.9814e-06
807 -7.89698 5.39445 -3.03797 0.0220606 0 0.348407
808 -7.91896 5.39259 -3.02684 0.022061 0 0.695774
809 -7.94094 5.39005 -3.01843 0.0221261 0 0.347012
810 -7.96292 5.38751 -3.01002 0.0221265 0 -1.97555e-06
811 -7.9849 5.38497 -3.00161 0.0221261 0 0.787365
812 -8.00688 5.38243 -2.9932 0.0221261 0 1.56074
813 -8.02886 5.37833 -2.98563 0.0223618 0 0.774231
814 -8.05084 5.37423 -2.97806 0.0223617 0 0.00772251
815 -8.07283 5.37012 -2.97049 0.0223626 0 0.320928
816 -8.09481 5.36602 -2.96292 0.0223618 0 0.638161
817 -8.11679 5.36126 -2.95532 0.022492 0 0.318058
818 -8.13877 5.35651 -2.94771 0.0224911 0 -1.94345e-06
819 -8.16076 5.35175 -2.9401 0.0224912 0 0.191564
820 -8.18274 5.34699 -2.9325 0.022492 0 0.383626
821 -8.20472 5.34184 -2.92392 0.0225721 0 0.191531
822 -8.22669 5.33668 -2.91534 0.0225711 0 -1.93657e-06
823 -8.24866 5.33152 -2.90676 0.0225711 0 0.148591
824 -8.27064 5.32637 -2.89819 0.0225721 0 0.29587
825 -8.29261 5.3209 -2.89003 0.0226393 0 0.147182
826 -8.31458 5.31544 -2.88188 0.0226392 0 -1.93078e-06
827 -8.33655 5.30998 -2.87373 0.0226393 0 0.252837
828 -8.35852 5.30451 -2.86558 0.0226393 0 0.50384
829 -8.38046 5.29852 -2.85364 0.0227491 0 0.251081
830 -8.40241 5.29252 -2.84171 0.0227492 0 -1.92145e-06
831 -8.42435 5.28652 -2.82978 0.0227492 0 0.597884
832 -8.4463 5.28053 -2.81785 0.0227491 0 1.18404
833 -8.46818 5.27325 -2.80381 0.0230625 0 0.586008
834 -8.49007 5.26598 -2.78977 0.0230634 0 -1.89533e-06
835 -8.51196 5.25871 -2.77573 0.0230623 0 0.637328
836 -8.53384 5.25143 -2.76169 0.0230625 0 1.26006
837 -8.55557 5.24276 -2.7459 0.0233917 0 0.623575
838 -8.5773 5.2341 -2.73012 0.0233915 0 0.0127846
839 -8.59902 5.22544 -2.71434 0.0233917 0 1.26215
840 -8.62075 5.21677 -2.69856 0.0233917 0 2.45407
841 -8.64207 5.20522 -2.68201 0.0242442 0 1.19587
842 -8.66339 5.19368 -2.66547 0.0242442 0 0.00712296
843 -8.6847 5.18213 -2.64892 0.0242442 0 0.741244
844 -8.70602 5.17058 -2.63238 0.0242442 0 1.49175
845 -8.72626 5.15765 -2.61613 0.0240227 0 0.751451
846 -8.74651 5.14472 -2.59989 0.0240227 0 0.010161
847 -8.76676 5.13178 -2.58364 0.0240237 0 0.58579
848 -8.787 5.11885 -2.56739 0.0240227 0 1.16161
849 -8.8067 5.10465 -2.55267 0.0242882 0 0.57623
850 -8.8264 5.09045 -2.53795 0.0242875 0 -1.79971e-06
851 -8.84611 5.07624 -2.52323 0.0242882 0 0.368118
852 -8.86581 5.06204 -2.50851 0.0242882 0 0.737569
853 -8.88496 5.04716 -2.49803 0.0242535 0 0.368994
854 -8.90412 5.03228 -2.48755 0.0242538 0 0.00712016
855 -8.92327 5.01741 -2.47707 0.0242542 0 0.548232
856 -8.94243 5.00253 -2.46659 0.0242535 0 1.10918
857 -8.96048 4.9869 -2.45873 0.0238816 0 0.560682
858 -8.97853 4.97126 -2.45087 0.0238823 0 0.007231
859 -8.99659 4.95563 -2.443 0.0238823 0 0.229694
860 -9.01464 4.93999 -2.43514 0.0238816 0 0.460097
861 -9.03225 4.92405 -2.42895 0.0237564 0 0.230534
862 -9.04986 4.9081 -2.42275 0.0237564 0 -1.83999e-06
863 -9.06748 4.89216 -2.41656 0.023756 0 0.116989
864 -9.08509 4.87622 -2.41037 0.0237564 0 0.234175
865 -9.1025 4.86011 -2.40425 0.0237238 0 0.11707
866 -9.11991 4.84399 -2.39813 0.0237227 0 -1.84253e-06
867 -9.13732 4.82788 -2.39201 0.0237238 0 0.121747
868 -9.15473 4.81176 -2.38589 0.0237238 0 0.24431
869 -9.17196 4.79543 -2.37836 0.0237407 0 0.122133
870 -9.1892 4.77911 -2.37083 0.0237407 0 -1.84118e-06
871 -9.20644 4.76278 -2.36331 0.0237417 0 0.157146
872 -9.22367 4.74645 -2.35578 0.0237407 0 0.315222
873 -9.24059 4.72994 -2.34524 0.023637 0 0.157997
874 -9.2575 4.71343 -2.33469 0.0236363 0 -1.84929e-06
875 -9.27442 4.69692 -2.32415 0.023637 0 0.354306
876 -9.29133 4.68041 -2.31361 0.023637 0 0.7167
877 -9.30746 4.66357 -2.30157 0.0233153 0 0.362496
878 -9.32359 4.64674 -2.28953 0.023315 0 0.0128266
879 -9.33971 4.6299 -2.27749 0.0233147 0 0.95669
880 -9.35584 4.61306 -2.26544 0.0233153 0 1.95899
881 -9.36993 4.59542 -2.25326 0.0225788 0 1.00468
882 -9.38402 4.57778 -2.24108 0.0225782 0 -1.93598e-06
883 -9.39811 4.56013 -2.2289 0.0225782 0 0.978608
884 -9.4122 4.54249 -2.21672 0.0225788 0 1.88757
885 -9.42531 4.52276 -2.20382 0.0236953 0 0.910939
886 -9.43843 4.50302 -2.19092 0.0236953 0 -1.84472e-06
887 -9.45154 4.48328 -2.17802 0.0236957 0 0.520367
888 -9.46466 4.46355 -2.16512 0.0236953 0 1.03448
889 -9.47689 4.44302 -2.1519 0.0239004 0 0.514071
890 -9.48912 4.42249 -2.13868 0.0238995 0 -1.82892e-06
891 -9.50136 4.40195 -2.12546 0.0239004 0 0.245721
892 -9.51359 4.38142 -2.11224 0.0239004 0 0.491473
893 -9.52535 4.36058 -2.09842 0.0239326 0 0.245239
894 -9.53712 4.33974 -2.08459 0.0239326 0 -1.82643e-06
895 -9.54888 4.31889 -2.07077 0.0239326 0 0.22868
896 -9.56064 4.29805 -2.05694 0.0239326 0 0.459513
897 -9.57188 4.27708 -2.04434 0.02379 0 0.231416
898 -9.58311 4.25611 -2.03174 0.02379 0 0.00725895
899 -9.59435 4.23514 -2.01914 0.02379 0 0.452446
900 -9.60558 4.21417 -2.00654 0.02379 0 0.917822
901 -9.61571 4.19313 -1.99468 0.0233525 0 0.465473
902 -9.62584 4.17208 -1.98282 0.0233533 0 -1.87179e-06
903 -9.63596 4.15104 -1.97095 0.0233525 0 1.21304
904 -9.64609 4.13 -1.95909 0.0233525 0 2.50266
905 -9.65343 4.10887 -1.94773 0.0223717 0 1.29442
906 -9.66076 4.08773 -1.93636 0.0223714 0 -1.95387e-06
907 -9.66809 4.0666 -1.92499 0.0223719 0 0.553634
908 -9.67543 4.04546 -1.91362 0.0223717 0 1.11414
909 -9.68167 4.02413 -1.90164 0.0222253 0 0.560632
910 -9.6879 4.0028 -1.88966 0.0222248 0 0.0155368
911 -9.69413 3.98146 -1.87769 0.022225 0 0.312665
912 -9.70037 3.96013 -1.86571 0.022225 0 0.618687
913 -9.7061 3.93829 -1.85211 0.0225769 0 0.306976
914 -9.71183 3.91646 -1.83851 0.0225766 0 -1.93612e-06
915 -9.71756 3.89462 -1.82491 0.0225766 0 0.219021
916 -9.72329 3.87278 -1.81131 0.0225769 0 0.437601
917 -9.72861 3.85075 -1.79404 0.0226651 0 0.218594
918 -9.73392 3.82872 -1.77677 0.0226649 0 -1.92858e-06
919 -9.73924 3.80668 -1.7595 0.0226651 0 0.354284
920 -9.74456 3.78465 -1.74222 0.0226651 0 0.711837
921 -9.74915 3.76255 -1.72356 0.0225759 0 0.356458
922 -9.75373 3.74044 -1.7049 0.0225762 0 -1.93619e-06
923 -9.75832 3.71833 -1.68624 0.0225761 0 0.868947
924 -9.76291 3.69623 -1.66758 0.0225759 0 1.75261
925 -9.76571 3.6741 -1.64899 0.0223092 0 0.884661
926 -9.76851 3.65197 -1.63039 0.022309 0 -1.95934e-06
927 -9.77132 3.62983 -1.6118 0.0223094 0 2.33179
928 -9.77412 3.6077 -1.5932 0.0223092 0 4.6602
929 -9.7723 3.58556 -1.57496 0.0222171 0 2.34637
930 -9.77048 3.56342 -1.55672 0.0222169 0 0.0134605
931 -9.76867 3.54127 -1.53848 0.0222168 0 0.88704
932 -9.76685 3.51913 -1.52024 0.0222171 0 1.75988
933 -9.76327 3.49698 -1.50275 0.0224357 0 0.87409
934 -9.75968 3.47483 -1.48527 0.0224361 0 -1.94829e-06
935 -9.75609 3.45269 -1.46778 0.0224357 0 0.336716
936 -9.75251 3.43054 -1.45029 0.0224357 0 0.67116
937 -9.74823 3.40839 -1.43572 0.0225589 0 0.333782
938 -9.74396 3.38624 -1.42115 0.0225589 0 0.00765512
939 -9.73969 3.36409 -1.40658 0.0225587 0 0.1404
940 -9.73541 3.34194 -1.39201 0.0225589 0 0.279168
941 -9.73084 3.31979 -1.38496 0.022613 0 0.139187
942 -9.72628 3.29765 -1.37791 0.0226128 0 0.00763677
943 -9.72171 3.2755 -1.37086 0.0226133 0 0.093145
944 -9.71715 3.25335 -1.36381 0.022613 0 0.185739
945 -9.71239 3.2312 -1.35845 0.0226531 0 0.0930622
946 -9.70763 3.20905 -1.3531 0.0226533 0 0.0107754
947 -9.70287 3.18691 -1.34774 0.0226533 0 0.132571
948 -9.69811 3.16476 -1.34239 0.0226531 0 0.265961
949 -9.69307 3.14262 -1.33485 0.0227088 0 0.132409
950 -9.68803 3.12048 -1.32731 0.0227088 0 -1.92486e-06
951 -9.68299 3.09833 -1.31977 0.022709 0 0.307677
952 -9.67795 3.07619 -1.31223 0.0227088 0 0.611141
953 -9.67226 3.05406 -1.3038 0.0228497 0 0.30448
954 -9.66657 3.03193 -1.29537 0.0228497 0 0.0106827
955 -9.66088 3.0098 -1.28694 0.0228499 0 0.406937
956 -9.65519 2.98767 -1.27851 0.0228497 0 0.808693
957 -9.64862 2.96556 -1.26953 0.0230601 0 0.401726
958 -9.64206 2.94346 -1.26054 0.0230598 0 0.0129684
959 -9.63549 2.92136 -1.25155 0.0230601 0 0.885949
960 -9.62892 2.89925 -1.24257 0.0230601 0 1.73786
961 -9.62037 2.87721 -1.23254 0.0236368 0 0.854089
962 -9.61182 2.85518 -1.22252 0.0236372 0 -1.84928e-06
963 -9.60328 2.83314 -1.2125 0.0236372 0 0.376252
964 -9.59473 2.8111 -1.20247 0.0236368 0 0.750307
965 -9.58535 2.78924 -1.1906 0.0237872 0 0.373654
966 -9.57596 2.76739 -1.17874 0.0237872 0 -1.8376e-06
967 -9.56658 2.74553 -1.16687 0.0237872 0 0.243797
968 -9.55719 2.72367 -1.155 0.0237872 0 0.486859
969 -9.54727 2.70197 -1.14274 0.0238544 0 0.243779
970 -9.53736 2.68028 -1.13048 0.0238542 0 -1.83243e-06
971 -9.52744 2.65859 -1.11823 0.0238545 0 0.357386
972 -9.51752 2.63689 -1.10597 0.0238544 0 0.714447
973 -9.50685 2.6155 -1.09554 0.0239055 0 0.357588
974 -9.49617 2.59411 -1.08512 0.023906 0 -1.82849e-06
975 -9.48549 2.57272 -1.0747 0.023906 0 0.763581
976 -9.47482 2.55133 -1.06427 0.0239055 0 1.5085
977 -9.46241 2.53042 -1.05277 0.0243187 0 0.745699
978 -9.45 2.50951 -1.04127 0.024319 0 0.00710111
979 -9.43758 2.48859 -1.02976 0.024319 0 0.51447
980 -9.42517 2.46768 -1.01826 0.0243187 0 1.04828
981 -9.41204 2.4479 -1.00526 0.023745 0 0.533199
982 -9.3989 2.42811 -0.992265 0.0237445 0 0.0102801
983 -9.38577 2.40833 -0.979267 0.0237443 0 0.377687
984 -9.37264 2.38855 -0.96627 0.023745 0 0.766197
985 -9.3591 2.36967 -0.949773 0.0232286 0 0.38888
986 -9.34557 2.3508 -0.933277 0.0232281 0 -1.88181e-06
987 -9.33204 2.33192 -0.91678 0.0232281 0 0.637239
988 -9.3185 2.31304 -0.900283 0.0232286 0 1.31348
989 -9.30446 2.29574 -0.885058 0.0222784 0 0.677384
990 -9.29042 2.27845 -0.869833 0.0222784 0 0.00775149
991 -9.27638 2.26115 -0.854607 0.0222784 0 0.673525
992 -9.26234 2.24385 -0.839382 0.0222784 0 1.35443
993 -9.24741 2.22756 -0.8253 0.0220986 0 0.681507
994 -9.23248 2.21127 -0.811218 0.0220981 0 0.0135327
995 -9.21754 2.19498 -0.797137 0.0220986 0 1.29737
996 -9.20261 2.17869 -0.783055 0.0220986 0 2.54215
997 -9.1855 2.16383 -0.768817 0.0226656 0 1.24893
998 -9.16838 2.14897 -0.754579 0.0226663 0 0.00761894
999 -9.15126 2.13411 -0.740341 0.0226664 0 0.497704
1000 -9.13415 2.11925 -0.726103 0.0226656 0 0.988604
1001 -9.11619 2.10503 -0.711311 0.0229092 0 0.49031
1002 -9.09823 2.0908 -0.69652 0.0229092 0 -1.90805e-06
1003 -9.08028 2.07658 -0.681729 0.0229084 0 0.280826
1004 -9.06232 2.06235 -0.666938 0.0229092 0 0.562322
1005 -9.04402 2.0486 -0.652979 0.0228871 0 0.281058
1006 -9.02572 2.03486 -0.63902 0.0228869 0 -1.90987e-06
1007 -9.00742 2.02112 -0.625061 0.0228871 0 0.361601
1008 -8.98912 2.00737 -0.611102 0.0228871 0 0.731408
1009 -8.97063 1.99442 -0.600061 0.0225701 0 0.369984
1010 -8.95214 1.98147 -0.589021 0.0225708 0 -1.93667e-06
1011 -8.93366 1.96853 -0.57798 0.0225708 0 0.858201
1012 -8.91517 1.95558 -0.566939 0.0225701 0 1.76669
1013 -8.89646 1.94455 -0.557167 0.0217193 0 0.90952
1014 -8.87775 1.93352 -0.547395 0.0217185 0 0.0137691
1015 -8.85904 1.92249 -0.537623 0.0217194 0 0.471075
1016 -8.84033 1.91146 -0.527851 0.0217193 0 0.940172
1017 -8.82115 1.90119 -0.518023 0.0217591 0 0.469104
1018 -8.80197 1.89091 -0.508195 0.0217591 0 -2.0089e-06
1019 -8.78279 1.88064 -0.498367 0.0217583 0 0.447072
1020 -8.76361 1.87036 -0.488539 0.0217591 0 0.867031
1021 -8.74323 1.86044 -0.477589 0.022664 0 0.420257
1022 -8.72286 1.85051 -0.46664 0.0226631 0 -1.92869e-06
1023 -8.70249 1.84058 -0.45569 0.022664 0 0.227359
1024 -8.68211 1.83066 -0.444741 0.022664 0 0.45023
1025 -8.66125 1.82103 -0.431159 0.0229757 0 0.222896
1026 -8.64039 1.81139 -0.417578 0.0229757 0 0.00751631
1027 -8.61954 1.80175 -0.403997 0.0229748 0 0.273163
1028 -8.59868 1.79212 -0.390415 0.0229757 0 0.545692
1029 -8.57757 1.783 -0.375402 0.0229917 0 0.272238
1030 -8.55647 1.77389 -0.360389 0.0229908 0 -1.9012e-06
1031 -8.53536 1.76478 -0.345376 0.0229917 0 0.609051
1032 -8.51425 1.75566 -0.330363 0.0229917 0 1.22638
1033 -8.49288 1.74782 -0.31548 0.0227618 0 0.618069
1034 -8.47151 1.73998 -0.300598 0.0227618 0 0.0131383
1035 -8.45014 1.73215 -0.285716 0.0227618 0 1.61332
1036 -8.42877 1.72431 -0.270833 0.0227618 0 3.26132
1037 -8.40685 1.71977 -0.255818 0.0223802 0 1.6546
1038 -8.38494 1.71523 -0.240802 0.0223793 0 -1.95316e-06
1039 -8.36303 1.7107 -0.225787 0.0223793 0 0.81833
1040 -8.34111 1.70616 -0.210771 0.0223802 0 1.63904
1041 -8.31899 1.70325 -0.194642 0.0223133 0 0.821647
1042 -8.29687 1.70034 -0.178512 0.0223133 0 -1.95896e-06
1043 -8.27474 1.69742 -0.162383 0.0223142 0 0.375171
1044 -8.25262 1.69451 -0.146254 0.0223133 0 0.750389
1045 -8.23042 1.69234 -0.129689 0.0223102 0 0.375353
1046 -8.20821 1.69017 -0.113124 0.0223111 0 -1.95922e-06
1047 -8.186 1.688 -0.096559 0.0223111 0 0.307662
1048 -8.1638 1.68583 -0.0799941 0.0223102 0 0.6159
1049 -8.14157 1.68427 -0.0685722 0.0222875 0 0.308511
1050 -8.11934 1.68271 -0.0571503 0.0222866 0 -1.96129e-06
1051 -8.0971 1.68116 -0.0457284 0.0222865 0 0.546161
1052 -8.07487 1.6796 -0.0343065 0.0222875 0 1.09353
1053 -8.05262 1.67913 -0.0254341 0.0222504 0 0.547489
1054 -8.03038 1.67866 -0.0165618 0.0222495 0 0.00776135
1055 -8.00813 1.67818 -0.0076894 0.0222504 0 0.732209
1056 -7.98589 1.67771 0.00118296 0.0222499 0 1.46315
1057 -7.96364 1.67869 0.00915717 0.0222688 0 0.731403
1058 -7.94139 1.67967 0.0171314 0.0222693 0 0.0155062
1059 -7.91915 1.68064 0.0251056 0.0222688 0 0.289334
1060 -7.8969 1.68162 0.0330798 0.0222688 0 0.577956
1061 -7.87465 1.68317 0.0408427 0.0223043 0 0.288486
1062 -7.8524 1.68473 0.0486056 0.0223043 0 0.00774253
1063 -7.83015 1.68628 0.0563685 0.0223038 0 0.140151
1064 -7.8079 1.68783 0.0641314 0.0223043 0 0.28045
1065 -7.78565 1.68966 0.0721651 0.0223227 0 0.140728
1066 -7.7634 1.69149 0.0801988 0.0223231 0 0.0154688
1067 -7.74116 1.69333 0.0882324 0.0223227 0 0.131905
1068 -7.71891 1.69516 0.0962661 0.0223227 0 0.262863
1069 -7.69667 1.69726 0.107495 0.0223362 0 0.131413
1070 -7.67444 1.69935 0.118723 0.0223358 0 0.00773149
1071 -7.6522 1.70144 0.129952 0.0223358 0 0.248824
1072 -7.62996 1.70354 0.141181 0.0223362 0 0.497896
1073 -7.60775 1.70613 0.153643 0.0223633 0 0.248671
1074 -7.58554 1.70872 0.166104 0.0223633 0 -1.95461e-06
1075 -7.56332 1.71132 0.178566 0.0223633 0 0.617997
1076 -7.54111 1.71391 0.191028 0.0223633 0 1.23094
1077 -7.51896 1.71774 0.204606 0.0224843 0 0.613155
1078 -7.4968 1.72158 0.218184 0.0224848 0 0.00768042
1079 -7.47464 1.72541 0.231761 0.0224847 0 1.55689
1080 -7.45249 1.72925 0.245339 0.0224843 0 3.04582
1081 -7.43049 1.7363 0.260441 0.0231011 0 1.4948
1082 -7.40849 1.74336 0.275543 0.0231011 0 -1.89218e-06
1083 -7.3865 1.75041 0.290645 0.0231011 0 0.632581
1084 -7.3645 1.75747 0.305748 0.0231011 0 1.26303
1085 -7.34291 1.76581 0.323191 0.0231433 0 0.630677
1086 -7.32133 1.77416 0.340634 0.0231433 0 0.0129217
1087 -7.29974 1.7825 0.358077 0.0231437 0 0.469448
1088 -7.27815 1.79084 0.37552 0.0231433 0 0.962432
1089 -7.25764 1.79982 0.396658 0.0223943 0 0.493376
1090 -7.23712 1.8088 0.417795 0.0223943 0 -1.9519e-06
1091 -7.21661 1.81778 0.438933 0.0223943 0 0.461686
1092 -7.19609 1.82676 0.46007 0.0223943 0 0.937624
1093 -7.1764 1.83637 0.479923 0.0219165 0 0.476712
1094 -7.1567 1.84599 0.499776 0.0219169 0 -1.99443e-06
1095 -7.137 1.85561 0.519628 0.021917 0 0.923668
1096 -7.11731 1.86522 0.539481 0.0219165 0 1.88698
1097 -7.099 1.87609 0.561445 0.0212902 0 0.964687
1098 -7.0807 1.88696 0.583409 0.0212899 0 -2.05313e-06
1099 -7.06239 1.89782 0.605372 0.0212902 0 1.68634
1100 -7.04408 1.90869 0.627336 0.0212902 0 3.24884
1101 -7.02668 1.92269 0.650565 0.0223327 0 1.56966
1102 -7.00928 1.93669 0.673795 0.0223328 0 -1.95727e-06
1103 -6.99188 1.95069 0.697024 0.0223332 0 1.17987
1104 -6.97448 1.96469 0.720253 0.0223327 0 2.33248
1105 -6.95842 1.98066 0.743164 0.0226541 0 1.15507
1106 -6.94235 1.99663 0.766075 0.0226538 0 0.0132008
1107 -6.92629 2.01261 0.788986 0.0226542 0 1.39623
1108 -6.91022 2.02858 0.811897 0.022654 0 2.93468
1109 -6.89725 2.04531 0.831101 0.0211735 0 1.54523
1110 -6.88427 2.06205 0.850305 0.021174 0 -2.06442e-06
1111 -6.87129 2.07878 0.869509 0.0211738 0 0.648354
1112 -6.85832 2.09551 0.888713 0.0211735 0 1.31811
1113 -6.84655 2.11255 0.90375 0.0207083 0 0.669811
1114 -6.83479 2.12959 0.918788 0.0207083 0 -2.11081e-06
1115 -6.82302 2.14663 0.933825 0.0207086 0 0.300582
1116 -6.81125 2.16367 0.948862 0.0207083 0 0.603516
1117 -6.8 2.18087 0.962954 0.0205496 0 0.303252
1118 -6.78874 2.19806 0.977046 0.0205498 0 0.00840359
1119 -6.77749 2.21526 0.991139 0.0205496 0 0.227588
1120 -6.76624 2.23245 1.00523 0.0205496 0 0.455517
1121 -6.75534 2.24981 1.01481 0.0204995 0 0.227708
1122 -6.74444 2.26717 1.02439 0.0204995 0 -2.1323e-06
1123 -6.73353 2.28453 1.03397 0.0204998 0 0.372478
1124 -6.72263 2.30189 1.04355 0.0204995 0 0.743319
1125 -6.71225 2.31959 1.05119 0.0205178 0 0.371074
1126 -6.70187 2.33729 1.05883 0.020518 0 -2.1304e-06
1127 -6.6915 2.35499 1.06647 0.020518 0 0.881243
1128 -6.68112 2.37269 1.07411 0.0205178 0 1.75054
1129 -6.67197 2.39124 1.08089 0.020683 0 0.870679
1130 -6.66282 2.40979 1.08767 0.0206828 0 -2.11341e-06
1131 -6.65368 2.42834 1.09445 0.0206826 0 0.329626
1132 -6.64453 2.44689 1.10124 0.020683 0 0.657535
1133 -6.63585 2.46577 1.10726 0.0207764 0 0.327619
1134 -6.62717 2.48464 1.11328 0.0207762 0 -2.1039e-06
1135 -6.6185 2.50352 1.1193 0.0207764 0 0.122911
1136 -6.60982 2.5224 1.12532 0.0207764 0 0.244167
1137 -6.60132 2.5414 1.12997 0.0208126 0 0.122804
1138 -6.59282 2.5604 1.13463 0.0208122 0 -2.10026e-06
1139 -6.58432 2.57939 1.13928 0.0208124 0 0.0454193
1140 -6.57582 2.59839 1.14393 0.0208126 0 0.0865579
1141 -6.56738 2.61744 1.14536 0.0208337 0 0.0430666
1142 -6.55894 2.63649 1.14679 0.0208337 0 -2.09811e-06
1143 -6.5505 2.65553 1.14821 0.0208337 0 0.0165719
1144 -6.54206 2.67458 1.14964 0.0208337 0 -2.09747e-06
1145 -6.53363 2.69365 1.14929 0.0208465 0 -2.09714e-06
1146 -6.5252 2.71271 1.14894 0.0208465 0 -2.09681e-06
1147 -6.51676 2.73178 1.14859 0.0208469 0 0.0143414
1148 -6.50833 2.75084 1.14825 0.0208465 0 0.0405474
1149 -6.49986 2.76991 1.14582 0.0208697 0 0.0143335
1150 -6.49138 2.78899 1.1434 0.0208697 0 -2.09449e-06
1151 -6.48291 2.80806 1.14098 0.0208697 0 0.0701407
1152 -6.47444 2.82713 1.13856 0.0208697 0 0.136988
1153 -6.46584 2.8462 1.13184 0.020926 0 0.070046
1154 -6.45723 2.86528 1.12513 0.0209262 0 0.0142909
1155 -6.44863 2.88436 1.11841 0.020926 0 0.184343
1156 -6.44002 2.90343 1.11169 0.020926 0 0.365561
1157 -6.43106 2.9225 1.1037 0.0210691 0 0.181688
1158 -6.4221 2.94157 1.0957 0.021069 0 -2.07468e-06
1159 -6.41315 2.96064 1.0877 0.0210688 0 0.465412
1160 -6.40419 2.97971 1.07971 0.0210691 0 0.917742
1161 -6.39431 2.99878 1.07129 0.0214763 0 0.452621
1162 -6.38443 3.01785 1.06288 0.0214763 0 -2.03533e-06
1163 -6.37454 3.03691 1.05447 0.0214764 0 1.1275
1164 -6.36466 3.05598 1.04606 0.0214763 0 2.16346
1165 -6.35235 3.07503 1.03705 0.0226792 0 1.0391
1166 -6.34004 3.09407 1.02803 0.0226789 0 -1.92739e-06
1167 -6.32773 3.11312 1.01902 0.0226792 0 0.382693
1168 -6.31542 3.13217 1.01 0.0226792 0 0.753828
1169 -6.30219 3.15118 1.00155 0.0231594 0 0.37091
1170 -6.28895 3.17018 0.993104 0.0231593 0 -1.88741e-06
1171 -6.27571 3.18918 0.984656 0.0231594 0 0.167803
1172 -6.26248 3.20819 0.976207 0.0231594 0 0.334365
1173 -6.24888 3.22708 0.969377 0.0232735 0 0.166237
1174 -6.23529 3.24597 0.962547 0.0232737 0 0.0128495
1175 -6.22169 3.26486 0.955716 0.0232734 0 0.134573
1176 -6.2081 3.28375 0.948886 0.0232735 0 0.269706
1177 -6.19437 3.30234 0.945557 0.0231135 0 0.135856
1178 -6.18063 3.32093 0.942228 0.0231137 0 -1.89116e-06
1179 -6.16689 3.33952 0.938899 0.0231135 0 0.0607211
1180 -6.15316 3.35811 0.93557 0.0231135 0 0.123588
1181 -6.13936 3.37657 0.932873 0.023046 0 0.06081
1182 -6.12556 3.39503 0.930177 0.0230462 0 -1.8967e-06
1183 -6.11176 3.41348 0.92748 0.0230459 0 0.0502703
1184 -6.09796 3.43194 0.924783 0.023046 0 0.0988899
1185 -6.0841 3.4503 0.920674 0.0230096 0 0.0497458
1186 -6.07024 3.46867 0.916566 0.0230093 0 0.0129969
1187 -6.05637 3.48704 0.912457 0.0230098 0 0.0852586
1188 -6.04251 3.5054 0.908349 0.0230096 0 0.169447
1189 -6.02853 3.52362 0.89928 0.0229605 0 0.0843537
1190 -6.01456 3.54183 0.890211 0.0229603 0 -1.90378e-06
1191 -6.00059 3.56005 0.881143 0.0229602 0 0.204491
1192 -5.98661 3.57827 0.872074 0.0229605 0 0.41055
1193 -5.97236 3.59614 0.860873 0.0228562 0 0.20565
1194 -5.95811 3.61401 0.849671 0.0228559 0 -1.91246e-06
1195 -5.94386 3.63188 0.83847 0.0228561 0 0.54145
1196 -5.92961 3.64975 0.827268 0.0228562 0 1.09093
1197 -5.91464 3.66672 0.815074 0.022631 0 0.549588
1198 -5.89967 3.68369 0.80288 0.0226312 0 0.0132143
1199 -5.8847 3.70067 0.790686 0.022631 0 1.46542
1200 -5.86973 3.71764 0.778492 0.022631 0 2.95795
1201 -5.85288 3.73227 0.765502 0.0223115 0 1.49705
1202 -5.83603 3.74689 0.752512 0.0223115 0 0.0134035
1203 -5.81919 3.76152 0.739522 0.0223113 0 0.606962
1204 -5.80234 3.77615 0.726532 0.0223115 0 1.21256
1205 -5.78472 3.78985 0.711707 0.022316 0 0.60592
1206 -5.76711 3.80354 0.696882 0.0223157 0 -1.95876e-06
1207 -5.74949 3.81724 0.682057 0.0223157 0 0.316367
1208 -5.73187 3.83094 0.667231 0.022316 0 0.631482
1209 -5.71382 3.84418 0.650791 0.0223878 0 0.314912
1210 -5.69576 3.85741 0.634351 0.0223882 0 0.0109031
1211 -5.6777 3.87065 0.61791 0.0223878 0 0.331172
1212 -5.65965 3.88389 0.60147 0.0223878 0 0.658889
1213 -5.64106 3.89669 0.581193 0.0225739 0 0.327661
1214 -5.62247 3.90949 0.560917 0.0225738 0 0.0108132
1215 -5.60387 3.9223 0.54064 0.0225743 0 0.658105
1216 -5.58528 3.9351 0.520363 0.0225739 0 1.29367
1217 -5.56551 3.94706 0.497197 0.0231013 0 0.636138
1218 -5.54574 3.95901 0.474031 0.0231017 0 0.0129452
1219 -5.52598 3.97096 0.450864 0.0231015 0 0.97827
1220 -5.50621 3.98292 0.427698 0.0231013 0 1.99596
1221 -5.48599 3.99276 0.40356 0.0224817 0 1.0193
1222 -5.46578 4.00259 0.379423 0.0224812 0 -1.94432e-06
1223 -5.44557 4.01243 0.355285 0.0224817 0 2.65277
1224 -5.42535 4.02227 0.331148 0.0224817 0 5.58763
1225 -5.40496 4.02662 0.308539 0.0208465 0 2.97159
1226 -5.38457 4.03097 0.285931 0.0208466 0 0.0143455
1227 -5.36419 4.03532 0.263323 0.0208461 0 1.21543
1228 -5.3438 4.03967 0.240715 0.0208465 0 2.45187
1229 -5.32335 4.0419 0.218575 0.0205737 0 1.23936
1230 -5.3029 4.04413 0.196436 0.0205737 0 -2.12462e-06
1231 -5.28244 4.04636 0.174296 0.0205737 0 0.511793
1232 -5.26199 4.04859 0.152156 0.0205737 0 1.0258
1233 -5.24151 4.04995 0.132851 0.0205254 0 0.513773
1234 -5.22103 4.05132 0.113546 0.020525 0 0.0145699
1235 -5.20055 4.05268 0.0942409 0.0205254 0 0.283184
1236 -5.18007 4.05404 0.0749358 0.0205254 0 0.566725
1237 -5.15958 4.05492 0.0661521 0.0205064 0 0.283312
1238 -5.1391 4.05581 0.0573685 0.0205064 0 -2.13158e-06
1239 -5.11861 4.05669 0.0485848 0.0205069 0 0.34036
1240 -5.09812 4.05758 0.0398012 0.0205064 0 0.68146
1241 -5.07763 4.05789 0.0352324 0.0204949 0 0.340458
1242 -5.05714 4.0582 0.0306636 0.0204949 0 -2.13279e-06
1243 -5.03664 4.05852 0.0260949 0.0204949 0 0.128855
1244 -5.01615 4.05883 0.0215261 0.0204949 0 0.256059
1245 -4.99566 4.05893 0.0186911 0.0204928 0 0.129136
1246 -4.97516 4.05902 0.015856 0.0204928 0 -2.13301e-06
1247 -4.95467 4.05912 0.013021 0.0204928 0 0.0512397
1248 -4.93418 4.05922 0.010186 0.0204928 0 0.103851
1249 -4.91368 4.05923 0.00830535 0.0204949 0 0.0526039
1250 -4.89319 4.05924 0.00642471 0.0204949 0 -2.13279e-06
1251 -4.87269 4.05925 0.00454408 0.0204949 0 0.0145915
1252 -4.8522 4.05926 0.00266345 0.0204949 0 0.0357344
1253 -4.83171 4.05924 0.00194676 0.0204949 0 0.0145914
1254 -4.81121 4.05922 0.00123007 0.0204954 0 -2.13278e-06
1255 -4.79071 4.0592 0.000513379 0.0204949 0 -2.13284e-06
1256 -4.77022 4.05918 -0.000203309 0.0204949 0 0.0145924
1257 -4.74973 4.05915 -0.00048285 0.0204926 0 0.0145929
1258 -4.72923 4.05911 -0.000762391 0.0204926 0 -2.13305e-06
1259 -4.70874 4.05908 -0.00104193 0.0204921 0 0.0145929
1260 -4.68825 4.05905 -0.00132147 0.0204926 0 0.0145923
1261 -4.66776 4.05901 -0.00142822 0.020495 0 -2.13284e-06
1262 -4.64726 4.05897 -0.00153497 0.0204955 0 -2.13277e-06
1263 -4.62676 4.05893 -0.00164172 0.020495 0 -2.13277e-06
1264 -4.60627 4.05889 -0.00174846 0.020495 0 -2.13279e-06
1265 -4.58577 4.05885 -0.00179422 0.020495 0 -2.13279e-06
1266 -4.56528 4.05881 -0.00183997 0.020495 0 -2.13279e-06
1267 -4.54479 4.05877 -0.00188573 0.020495 0 -2.13279e-06
1268 -4.52429 4.05873 -0.00193148 0.020495 0 -2.13279e-06
1269 -4.5038 4.05869 -0.00194675 0.020495 0 -2.13277e-06
1270 -4.4833 4.05865 -0.00196202 0.020495 0 -2.13277e-06
1271 -4.4628 4.05861 -0.00197729 0.0204955 0 -2.13283e-06
1272 -4.44231 4.05857 -0.00199256 0.020495 0 0.0145923
1273 -4.42182 4.05853 -0.0019977 0.0204926 0 -2.13298e-06
1274 -4.40133 4.05849 -0.00200285 0.0204921 0 -2.13305e-06
1275 -4.38083 4.05844 -0.00200799 0.0204926 0 -2.13305e-06
1276 -4.36034 4.0584 -0.00201314 0.0204926 0 -2.13303e-06
1277 -4.33985 4.05836 -0.00201836 0.0204926 0 -2.13303e-06
1278 -4.31936 4.05832 -0.00202359 0.0204926 0 -2.13303e-06
1279 -4.29886 4.05827 -0.00202882 0.0204926 0 -2.13317e-06
1280 -4.27837 4.05823 -0.00203405 0.0204926 0 0.0145951
1281 -4.25788 4.05819 -0.00203953 0.0204873 0 -2.13343e-06
1282 -4.2374 4.05815 -0.002045 0.0204873 0 -2.13357e-06
1283 -4.21691 4.05811 -0.00205048 0.0204878 0 -2.13375e-06
1284 -4.19642 4.05807 -0.00205596 0.0204873 0 0.0145995
1285 -4.17594 4.05803 -0.00205186 0.0204802 0 -2.13415e-06
1286 -4.15546 4.05799 -0.00204777 0.0204797 0 -2.13434e-06
1287 -4.13498 4.05794 -0.00204368 0.0204802 0 -2.13486e-06
1288 -4.1145 4.0579 -0.00203958 0.0204802 0 -2.13537e-06
1289 -4.09404 4.05786 -0.00204222 0.0204602 0 -2.1359e-06
1290 -4.07358 4.05782 -0.00204486 0.0204602 0 -2.13643e-06
1291 -4.05312 4.05777 -0.00204749 0.0204597 0 -2.13793e-06
1292 -4.03266 4.05773 -0.00205013 0.0204602 0 -2.13944e-06
1293 -4.01226 4.05769 -0.00205704 0.0204025 0 0.00845819
1294 -3.99186 4.05764 -0.00206395 0.0204025 0 -2.14245e-06
1295 -3.97145 4.0576 -0.00207086 0.0204027 0 -2.14639e-06
1296 -3.95105 4.05756 -0.00207778 0.0204025 0 0.016987
1297 -3.9308 4.05752 -0.00209276 0.0202525 0 -2.15433e-06
1298 -3.91054 4.05748 -0.00210775 0.0202527 0 -2.15831e-06
1299 -3.89029 4.05744 -0.00212273 0.0202525 0 -2.16862e-06
1300 -3.87004 4.0574 -0.00213771 0.0202525 0 -2.17903e-06
1301 -3.85017 4.05736 -0.00219979 0.0198675 0 -2.18953e-06
1302 -3.83031 4.05731 -0.00226186 0.0198675 0 0.0173804
1303 -3.81044 4.05727 -0.00232393 0.0198677 0 0.0152461
1304 -3.79057 4.05723 -0.002386 0.0198675 0 -2.25752e-06
1305 -3.77171 4.05719 -0.00251637 0.0188575 0 0.015649
1306 -3.75286 4.05715 -0.00264673 0.0188575 0 -2.31798e-06
1307 -3.734 4.05711 -0.00277709 0.0188575 0 0.0094914
1308 -3.71514 4.05707 -0.00290746 0.0188575 0 -2.49334e-06
1309 -3.69894 4.05703 -0.00326691 0.0162051 0 0.0228878
1310 -3.68273 4.05699 -0.00362635 0.0162049 0 0.0213085
1311 -3.66653 4.05695 -0.0039858 0.0162051 0 0.0238603
1312 -3.65032 4.05691 -0.00434525 0.0162051 0 0.0729788
1313 -3.64105 4.05687 -0.00498268 0.00927266 0 0.0586924
1314 -3.63177 4.05683 -0.00562011 0.00927266 0 -4.71404e-06
1315 -3.6225 4.05679 -0.00625754 0.00927242 0 0.0500853
1316 -3.61323 4.05675 -0.00689497 0.00927266 0 0.128235
1317 -3.60727 4.05671 -0.00852357 0.00595748 0 0.0804455
1318 -3.60132 4.05667 -0.0101522 0.00595772 0 0.0289866
1319 -3.59536 4.05664 -0.0117808 0.00595772 0 0.239043
1320 -3.5894 4.0566 -0.0134094 0.00595748 0 0.813281
1321 -3.58644 4.05656 -0.0166161 0.00295785 0 0.651868
1322 -3.58349 4.05652 -0.0198229 0.00295762 0 -1.47784e-05
1323 -3.58053 4.05648 -0.0230296 0.00295785 0 0.84217
1324 -3.57757 4.05644 -0.0262364 0.00295785 0 3.54048
1325 -3.57633 4.05641 -0.0301217 0.0012355 0 3.1548
1326 -3.5751 4.05637 -0.0340071 0.00123551 0 -3.53795e-05
1327 -3.57386 4.05633 -0.0378925 0.0012355 0 4.8592
1328 -3.57263 4.0563 -0.0417778 0.0012355 0 18.2235
1329 -3.57206 4.05626 -0.0452033 0.00057353 0 14.8644
1330 -3.57149 4.05623 -0.0486288 0.0005735 0 -7.62088e-05
1331 -3.57091 4.0562 -0.0520543 0.000573738 0 10.3473
1332 -3.57034 4.05616 -0.0554798 0.00057353 0 31.4436
1333 -3.57003 4.05613 -0.0592817 0.000311176 0 22.5478
1334 -3.56972 4.0561 -0.0630835 0.000311413 0 1.35886
1335 -3.56941 4.05608 -0.0668854 0.000311134 0 4.77878
1336 -3.5691 4.05605 -0.0706872 0.000311176 0 14.6286
1337 -3.56891 4.05604 -0.0805556 0.000185602 0 10.2214
1338 -3.56873 4.05602 -0.090424 0.000185641 0 2.94221
1339 -3.56855 4.05601 -0.100292 0.000185365 0 18.4218
1340 -3.56836 4.05599 -0.110161 0.000185602 0 96.4131
1341 -3.56829 4.05598 -0.124228 7.28797e-05 0 72.4028
1342 -3.56821 4.05597 -0.138295 7.31168e-05 0 20.7725
1343 -3.56814 4.05597 -0.152362 7.28313e-05 0 188.311
1344 -3.56807 4.05596 -0.166429 7.28797e-05 0 614.739
1345 -3.56804 4.05595 -0.18902 3.04952e-05 0 403.918
1346 -3.56801 4.05595 -0.211611 3.04168e-05 0 8.03047
1347 -3.56798 4.05595 -0.234202 3.01814e-05 0 1322.87
1348 -3.56795 4.05594 -0.256793 3.04952e-05 0 3373.38
1349 -3.56793 4.05593 -0.291514 1.59099e-05 0 2022.19
1350 -3.56792 4.05593 -0.326234 1.57591e-05 0 10.9071
1351 -3.5679 4.05593 -0.360955 1.57591e-05 0 2136.81
1352 -3.56789 4.05592 -0.395675 1.59099e-05 0 7469.11
1353 -3.56788 4.05592 -0.400879 5.54547e-06 0 7236.3
1354 -3.56788 4.05591 -0.406083 5.76658e-06 0 3401.7
1355 -3.56787 4.05591 -0.411287 5.54547e-06 0 7493.89
1356 -3.56787 4.05591 -0.416491 5.54547e-06 0 34996.5
1357 -3.56787 4.05591 -0.416491 3.54435e-06 0 34003.6
1358 -3.56786 4.05591 -0.416491 3.37175e-06 0 6725.3
1359 -3.56786 4.0559 -0.416491 3.72422e-06 0 10276.9
1360 -3.56786 4.0559 -0.416491 3.54435e-06 0 -0.0120563
1361 -3.56786 4.0559 -0.416491 3.37175e-06 0 6725.3
1362 -3.56785 4.05589 -0.416491 3.88117e-06 0 3322.85
1363 -3.56785 4.05589 -0.416491 3.37175e-06 0 54548
1364 -3.56785 4.05589 -0.416491 3.37175e-06 0 130029
1365 -3.56785 4.05589 -0.416491 2.38419e-06 0 86892.5
1366 -3.56785 4.05589 -0.416491 2.6226e-06 0 -0.0174608
1367 -3.56784 4.05589 -0.416491 2.6226e-06 0 -0.0174608
1368 -3.56784 4.05589 -0.416491 2.38419e-06 0 -0.0174608
