15.64 5.83558 -1.54893 0 0
15.64 5.83352 -1.54902 0 0
15.6392 5.83409 -1.54907 0 0
15.639 5.83346 -1.54901 0 0
15.6396 5.83207 -1.54896 0 0
15.6397 5.82722 -1.54902 0 0
15.6391 5.82951 -1.54913 0 0
15.6402 5.82917 -1.54909 0 0
15.6405 5.82842 -1.54904 0 0
15.6405 5.83027 -1.54898 0 0
15.6408 5.82833 -1.54904 0 0
15.6407 5.82805 -1.54906 0 0
15.6408 5.82845 -1.54896 0 0
15.6387 5.83396 -1.54898 0 0
15.6386 5.83315 -1.54899 0 0
15.638 5.82693 -1.54903 0 0
15.6377 5.83449 -1.54904 0 0
15.639 5.83814 -1.54896 0 0
15.6397 5.83124 -1.54884 0 0
15.6397 5.83059 -1.54885 0 0
15.6384 5.82413 -1.54913 0 0
15.639 5.82552 -1.54906 0 0
15.6397 5.83063 -1.54892 0 0
15.6398 5.83019 -1.54893 0 0
15.6401 5.82646 -1.54897 0 0
15.6388 5.83371 -1.5491 0 0
15.6388 5.83275 -1.5491 0 0
15.6396 5.82959 -1.549 0 0
15.6397 5.82875 -1.54899 0 0
15.6377 5.82958 -1.5491 0 0
15.6396 5.82422 -1.54927 0 0
15.6396 5.82102 -1.54929 0 0
15.6457 5.77939 -1.55018 0 0
15.6457 5.75915 -1.55096 0 0
15.6471 5.72723 -1.55081 0 0
15.646 5.67483 -1.55212 0 0
15.648 5.627 -1.55259 0 0
15.6527 5.55546 -1.55276 0 0
15.6502 5.52622 -1.5531 0 0
15.6524 5.47418 -1.55342 0 0
15.6499 5.40903 -1.55369 0 0
15.6567 5.35779 -1.55395 0 0
15.6527 5.30041 -1.55499 0 0
15.65 5.24052 -1.55515 0 0
15.6499 5.17479 -1.55545 0 0
15.6532 5.13074 -1.55605 0 0
15.6508 5.08254 -1.55637 0 0
15.6484 5.01929 -1.55606 0 0
15.6545 4.98122 -1.55623 0 0
15.6547 4.925 -1.55517 0 0
15.6466 4.85901 -1.55392 0 0
15.6454 4.79887 -1.55622 0 0
15.6469 4.7484 -1.55684 0 0
15.6498 4.71035 -1.5581 0 0
15.6458 4.64394 -1.55677 0 0
15.6481 4.5815 -1.5562 0 0
15.6475 4.52039 -1.55498 0 0
15.6496 4.43224 -1.55796 0 0
15.6499 4.37603 -1.55862 0 0
15.6496 4.32541 -1.55827 0 0
15.6499 4.25592 -1.55936 0 0
15.6544 4.18209 -1.56003 0 0
15.6552 4.10986 -1.56168 0 0
15.6529 4.01632 -1.56067 0 0
15.6552 3.95541 -1.56037 0 0
15.6518 3.89805 -1.56444 0 0
15.6542 3.82326 -1.56344 0 0
15.6542 3.75523 -1.56295 0 0
15.6569 3.69994 -1.56225 0 0
15.6539 3.61549 -1.5605 0 0
15.6575 3.55409 -1.55829 0 0
15.6565 3.50182 -1.55838 0 0
15.6525 3.44335 -1.55812 0 0
15.6509 3.37645 -1.55716 0 0
15.6575 3.29693 -1.55427 0 0
15.6502 3.2334 -1.55422 0 0
15.6556 3.17472 -1.55315 0 0
15.6586 3.1233 -1.55115 0 0
15.656 3.06046 -1.55045 0 0
15.66 2.96635 -1.54884 0 0
15.6618 2.89248 -1.54705 0 0
15.6642 2.81028 -1.54849 0 0
15.6653 2.79957 -1.54862 0 0
15.6676 2.71429 -1.54973 0 0
15.6636 2.63306 -1.55018 0 0
15.6676 2.57082 -1.55038 0 0
15.6709 2.50006 -1.55052 0 0
15.6681 2.43403 -1.55048 0 0
15.6733 2.38243 -1.55048 0 0
15.6723 2.32821 -1.55091 0 0
15.6671 2.24356 -1.55194 0 0
15.6728 2.18573 -1.55158 0 0
15.6748 2.13013 -1.55197 0 0
15.6703 2.07445 -1.55334 0 0
15.6771 2.02393 -1.55253 0 0
15.675 1.96816 -1.55226 0 0
15.6793 1.90621 -1.5538 0 0
15.6741 1.8344 -1.555 0 0
15.6771 1.76567 -1.55456 0 0
15.6778 1.70313 -1.5548 0 0
15.6815 1.64317 -1.55605 0 0
15.6781 1.58403 -1.55621 0 0
15.6756 1.52833 -1.55702 0 0
15.6693 1.47831 -1.55685 0 0
15.6709 1.39109 -1.55774 0 0
15.6822 1.31069 -1.56271 0 0
15.6674 1.26433 -1.57129 0 0
15.6704 1.17481 -1.58091 0 0
15.6669 1.10539 -1.59246 0 0
15.6635 1.04645 -1.60513 0 0
15.6461 0.990292 -1.61862 0 0
15.6243 0.902485 -1.63786 0 0
15.6044 0.862285 -1.65611 0 0
15.5839 0.772376 -1.67829 0 0
15.5844 0.715229 -1.70131 0 0
15.5654 0.662916 -1.72765 0 0
15.5572 0.579392 -1.76099 0 0
15.5141 0.524309 -1.78554 0 0
15.4984 0.451412 -1.81765 0 0
15.4911 0.395902 -1.84443 0 0
15.4414 0.282944 -1.88751 0 0
15.4008 0.219077 -1.9221 0 0
15.366 0.164741 -1.95544 0 0
15.3386 0.0768354 -1.98873 0 0
15.2975 0.00876125 -2.02481 0 0
15.2525 -0.0526237 -2.06034 0 0
15.2135 -0.0825736 -2.09627 0 0
15.1715 -0.134416 -2.13117 0 0
15.1243 -0.191717 -2.16572 0 0
15.0921 -0.248543 -2.19832 0 0
15.0443 -0.302009 -2.23427 0 0
14.9619 -0.331046 -2.27513 0 0
14.8974 -0.388158 -2.31052 0 0
14.8504 -0.449008 -2.34594 0 0
14.7985 -0.492738 -2.38105 0 0
14.7433 -0.546395 -2.41629 0 0
14.6843 -0.572368 -2.45281 0 0
14.6286 -0.604743 -2.48684 0 0
14.5718 -0.632835 -2.5207 0 0
14.5095 -0.644326 -2.55502 0 0
14.4572 -0.660995 -2.58745 0 0
14.3973 -0.67975 -2.62125 0 0
14.3327 -0.688174 -2.65715 0 0
14.309 -0.754756 -2.68914 0 0
14.1806 -0.7362 -2.73088 0 0
14.1069 -0.741192 -2.76707 0 0
14.04 -0.751074 -2.80315 0 0
13.9705 -0.7459 -2.8386 0 0
13.8991 -0.750815 -2.87578 0 0
13.8323 -0.761169 -2.91113 0 0
13.7539 -0.768121 -2.94655 0 0
13.6805 -0.759699 -2.97922 0 0
13.6024 -0.767833 -3.01365 0 0
13.544 -0.764682 -3.04402 0 0
13.4642 -0.771324 -3.07139 0 0
13.394 -0.759962 -3.09446 0 0
13.3316 -0.771913 -3.11484 0 0
13.2598 -0.778439 -3.13681 0 0
13.2043 -0.761893 3.12549 0 0
13.1565 -0.755901 3.10646 0 0
13.078 -0.730349 3.08532 0 0
13.0006 -0.726924 3.064 0 0
12.9409 -0.711599 3.04745 0 0
12.874 -0.707147 3.03348 0 0
12.7953 -0.698403 3.02355 0 0
12.7267 -0.690115 3.0129 0 0
12.6669 -0.670702 3.00438 0 0
12.6123 -0.658316 2.998 0 0
12.5535 -0.641681 2.99243 0 0
12.4864 -0.639082 2.98804 0 0
12.4128 -0.637043 2.98465 0 0
12.3543 -0.623181 2.98198 0 0
12.2773 -0.60599 2.97993 0 0
12.2121 -0.587467 2.97906 0 0
12.1496 -0.573263 2.97762 0 0
12.0825 -0.566462 2.97825 0 0
12.0152 -0.570188 2.98102 0 0
11.942 -0.547193 2.9851 0 0
11.8779 -0.539688 2.99109 0 0
11.7991 -0.518387 2.99468 0 0
11.7348 -0.50494 2.9986 0 0
11.6757 -0.494597 3.00121 0 0
11.6027 -0.497182 3.00247 0 0
11.5391 -0.494319 3.00442 0 0
11.4761 -0.483567 3.00582 0 0
11.4131 -0.468733 3.008 0 0
11.3557 -0.461048 3.00856 0 0
11.2833 -0.452892 3.01027 0 0
11.2142 -0.439241 3.01107 0 0
11.1497 -0.452375 3.01282 0 0
11.0958 -0.438715 3.01435 0 0
11.0286 -0.430979 3.01574 0 0
10.9679 -0.415678 3.01916 0 0
10.904 -0.402616 3.02104 0 0
10.83 -0.40442 3.02151 0 0
10.7548 -0.397515 3.02403 0 0
10.7032 -0.393708 3.02738 0 0
10.6424 -0.383341 3.02951 0 0
10.5736 -0.37427 3.03248 0 0
10.513 -0.37412 3.03472 0 0
10.4429 -0.374313 3.03505 0 0
10.3755 -0.362027 3.038 0 0
10.3173 -0.354576 3.04172 0 0
10.2593 -0.343521 3.04565 0 0
10.2045 -0.340269 3.04933 0 0
10.1368 -0.337965 3.05365 0 0
10.0704 -0.332017 3.05718 0 0
10.014 -0.330128 3.06208 0 0
9.94321 -0.33039 3.06711 0 0
9.89083 -0.332773 3.07197 0 0
9.83432 -0.327838 3.07974 0 0
9.75436 -0.328671 3.08417 0 0
9.69933 -0.312363 3.08922 0 0
9.62933 -0.303539 3.09288 0 0
9.5672 -0.304302 3.09657 0 0
9.50443 -0.311067 3.09611 0 0
9.44929 -0.305557 3.0978 0 0
9.37811 -0.301079 3.10032 0 0
9.31307 -0.301014 3.1023 0 0
9.25409 -0.307837 3.1059 0 0
9.2017 -0.300584 3.11144 0 0
9.14869 -0.299225 3.11568 0 0
9.07137 -0.301603 3.11875 0 0
9.0037 -0.294554 3.12357 0 0
8.93595 -0.292762 3.12661 0 0
8.87343 -0.284422 3.12908 0 0
8.82128 -0.280977 3.13172 0 0
8.75508 -0.286001 3.13324 0 0
8.70418 -0.278599 3.13583 0 0
8.64127 -0.277496 3.13568 0 0
8.57456 -0.275716 3.13558 0 0
8.50716 -0.280003 3.13668 0 0
8.44415 -0.274362 3.13815 0 0
8.37859 -0.279045 3.13941 0 0
8.31563 -0.285719 3.14091 0 0
8.25545 -0.280943 -3.14084 0 0
8.17564 -0.271713 -3.13896 0 0
8.09829 -0.271105 -3.13789 0 0
8.03277 -0.272436 -3.13677 0 0
7.96874 -0.285731 -3.13491 0 0
7.89298 -0.287684 -3.13292 0 0
7.80872 -0.289655 -3.1319 0 0
7.74199 -0.286619 -3.1298 0 0
7.6615 -0.282517 -3.12996 0 0
7.59336 -0.285959 -3.12867 0 0
7.51928 -0.290133 -3.12669 0 0
7.43673 -0.297425 -3.12584 0 0
7.37072 -0.301797 -3.12399 0 0
7.29358 -0.287947 -3.1236 0 0
7.21999 -0.298475 -3.12083 0 0
7.15046 -0.302207 -3.11987 0 0
7.07562 -0.298874 -3.11815 0 0
7.01411 -0.318848 -3.11613 0 0
6.93586 -0.317357 -3.11465 0 0
6.87037 -0.320498 -3.11381 0 0
6.79291 -0.314629 -3.1123 0 0
6.7313 -0.322065 -3.11127 0 0
6.66334 -0.336837 -3.11056 0 0
6.59624 -0.337888 -3.10894 0 0
6.52868 -0.336125 -3.10758 0 0
6.44592 -0.334877 -3.10635 0 0
6.3739 -0.329456 -3.10526 0 0
6.31375 -0.337133 -3.10311 0 0
6.2416 -0.343322 -3.1023 0 0
6.17067 -0.349163 -3.10085 0 0
6.1064 -0.345629 -3.0985 0 0
6.02457 -0.349975 -3.09834 0 0
5.95892 -0.346782 -3.09769 0 0
5.89764 -0.343341 -3.09451 0 0
5.81958 -0.34903 -3.09397 0 0
5.7595 -0.355057 -3.09313 0 0
5.69109 -0.357198 -3.09272 0 0
5.61373 -0.358814 -3.09124 0 0
5.54278 -0.364364 -3.09052 0 0
5.4846 -0.371293 -3.08913 0 0
5.41727 -0.370296 -3.08709 0 0
5.34423 -0.37494 -3.08636 0 0
5.27139 -0.377335 -3.0849 0 0
5.1997 -0.377903 -3.0833 0 0
5.13955 -0.387074 -3.08189 0 0
5.07255 -0.39214 -3.08084 0 0
5.00092 -0.398711 -3.07913 0 0
4.92613 -0.40265 -3.07791 0 0
4.85642 -0.404696 -3.07689 0 0
4.78377 -0.408855 -3.07716 0 0
4.72204 -0.415823 -3.07538 0 0
4.65003 -0.425486 -3.07413 0 0
4.57263 -0.425518 -3.07371 0 0
4.50726 -0.426324 -3.07096 0 0
4.43491 -0.43312 -3.0701 0 0
4.36439 -0.434615 -3.0696 0 0
4.29355 -0.44409 -3.06806 0 0
4.22707 -0.446535 -3.06585 0 0
4.15884 -0.455298 -3.06441 0 0
4.09461 -0.472231 -3.06224 0 0
4.01592 -0.48181 -3.05894 0 0
3.95191 -0.484926 -3.05628 0 0
3.8845 -0.492132 -3.05353 0 0
3.81847 -0.492621 -3.05115 0 0
3.75722 -0.498865 -3.04921 0 0
3.6825 -0.513107 -3.0482 0 0
3.6127 -0.51549 -3.0467 0 0
3.5399 -0.52522 -3.04557 0 0
3.47946 -0.525143 -3.04383 0 0
3.41616 -0.532121 -3.04162 0 0
3.35048 -0.543799 -3.03908 0 0
3.27883 -0.552483 -3.0375 0 0
3.20781 -0.555747 -3.03633 0 0
3.14637 -0.565476 -3.0353 0 0
3.07794 -0.567488 -3.03291 0 0
3.01034 -0.585834 -3.03317 0 0
2.94647 -0.598725 -3.032 0 0
2.87789 -0.602688 -3.0308 0 0
2.80512 -0.607306 -3.02968 0 0
2.73922 -0.610569 -3.02851 0 0
2.66194 -0.615546 -3.02743 0 0
2.59942 -0.620902 -3.02532 0 0
2.53287 -0.639825 -3.02488 0 0
2.46503 -0.645849 -3.02319 0 0
2.38854 -0.651204 -3.02262 0 0
2.32714 -0.659516 -3.02278 0 0
2.26299 -0.661277 -3.02378 0 0
2.19534 -0.675135 -3.02681 0 0
2.16628 -0.680792 -3.02885 0 0
2.07798 -0.699188 -3.03605 0 0
2.01513 -0.696019 -3.04084 0 0
1.94213 -0.692045 -3.04717 0 0
1.89841 -0.688713 -3.05449 0 0
1.83899 -0.690782 -3.06344 0 0
1.78204 -0.696676 -3.07121 0 0
1.724 -0.698673 -3.08081 0 0
1.6573 -0.682447 -3.09424 0 0
1.6212 -0.680818 -3.10607 0 0
1.5516 -0.680759 -3.12012 0 0
1.50857 -0.693112 -3.12725 0 0
1.46631 -0.698735 -3.12821 0 0
1.43674 -0.701388 -3.12843 0 0
1.39247 -0.703359 -3.12906 0 0
1.36121 -0.69834 -3.12842 0 0
1.32502 -0.695192 -3.12865 0 0
1.28385 -0.699598 -3.12918 0 0
1.24248 -0.698249 -3.12936 0 0
1.20235 -0.696867 -3.12967 0 0
1.16289 -0.69794 -3.13051 0 0
1.12386 -0.698389 -3.13058 0 0
1.08097 -0.694997 -3.1308 0 0
1.04073 -0.699146 -3.13152 0 0
1.00344 -0.696142 -3.13176 0 0
0.960752 -0.695327 -3.1321 0 0
0.918177 -0.704367 -3.13355 0 0
0.8746 -0.703985 -3.13393 0 0
0.83076 -0.696812 -3.13395 0 0
0.793077 -0.700341 -3.13417 0 0
0.751026 -0.694486 -3.1347 0 0
0.713288 -0.702801 -3.13488 0 0
0.670226 -0.701867 -3.13569 0 0
0.622874 -0.709839 -3.13657 0 0
0.587667 -0.708065 -3.13618 0 0
0.586702 -0.707991 -3.13619 0 0
0.503982 -0.699542 -3.13757 0 0
0.471972 -0.697961 -3.13815 0 0
0.469168 -0.697699 -3.1383 0 0
0.46799 -0.697537 -3.13837 0 0
0.467096 -0.697357 -3.13845 0 0
0.466114 -0.697757 -3.13853 0 0
0.465204 -0.69807 -3.13864 0 0
0.464398 -0.698385 -3.1387 0 0
0.464111 -0.698283 -3.13888 0 0
0.463325 -0.69942 -3.13908 0 0
0.464044 -0.689905 -3.1385 0 0
0.463568 -0.686571 -3.13553 0 0
0.463717 -0.686727 -3.13552 0 0
0.463768 -0.6872 -3.13567 0 0
0.46388 -0.689647 -3.13602 0 0
0.464755 -0.689951 -3.13628 0 0
0.464769 -0.69072 -3.13657 0 0
0.466256 -0.686857 -3.13723 0 0
0.465216 -0.688187 -3.13812 0 0
0.464665 -0.688839 -3.1382 0 0
0.464141 -0.689709 -3.13828 0 0
0.462852 -0.690091 -3.13841 0 0
0.44145 -0.6904 -3.13838 0 0
0.423665 -0.69167 -3.13851 0 0
0.412713 -0.691303 -3.13867 0 0
0.410416 -0.690399 -3.13864 0 0
0.393838 -0.685704 -3.139 0 0
0.385827 -0.686891 -3.13888 0 0
0.379587 -0.686443 -3.13901 0 0
0.380358 -0.685887 -3.139 0 0
0.379947 -0.686575 -3.13909 0 0
0.366769 -0.687044 -3.13904 0 0
0.35365 -0.69004 -3.1392 0 0
0.341597 -0.687306 -3.13878 0 0
0.341507 -0.688704 -3.13894 0 0
0.35082 -0.688298 -3.13797 0 0
0.346992 -0.685335 -3.1387 0 0
0.347345 -0.686571 -3.13915 0 0
0.349846 -0.687971 -3.13883 0 0
0.349623 -0.687181 -3.13883 0 0
0.349391 -0.686746 -3.13908 0 0
0.348464 -0.68658 -3.13905 0 0
0.349124 -0.687267 -3.13902 0 0
0.349498 -0.687278 -3.139 0 0
0.348731 -0.68778 -3.13902 0 0
0.348795 -0.687841 -3.139 0 0
0.34615 -0.687424 -3.13907 0 0
0.346512 -0.688068 -3.13913 0 0
0.34624 -0.688113 -3.13915 0 0
0.347034 -0.68847 -3.13912 0 0
0.347434 -0.688486 -3.13912 0 0
0.347711 -0.688725 -3.13909 0 0
0.347744 -0.688807 -3.13909 0 0
0.347164 -0.688727 -3.13913 0 0
0.349272 -0.688158 -3.13891 0 0
0.350021 -0.688121 -3.13887 0 0
0.34897 -0.688934 -3.13897 0 0
0.34948 -0.689106 -3.13894 0 0
0.349605 -0.689199 -3.13883 0 0
0.349405 -0.688566 -3.13885 0 0
0.347948 -0.688095 -3.13902 0 0
0.349565 -0.688415 -3.13888 0 0
0.349683 -0.688086 -3.13888 0 0
0.349578 -0.687752 -3.13888 0 0
0.349838 -0.686824 -3.13887 0 0
0.349629 -0.686067 -3.13895 0 0
0.346661 -0.686152 -3.1391 0 0
0.349535 -0.687368 -3.13892 0 0
