1.23852 -0.415757 3.12789 0 0.149
1.23212 -0.422734 3.12719 0.032 0.192
1.22789 -0.423197 3.12697 0.077 0.127
1.20449 -0.422374 3.12702 0.091 0.147
1.19702 -0.431672 3.12757 0.108 0.2
1.17856 -0.433357 3.12931 0.121 0.21
1.16083 -0.432827 3.13259 0.136 0.3
1.14613 -0.430729 3.13629 0.137 0.361
1.11872 -0.428264 3.14137 0.151 0.406
1.08809 -0.42132 -3.13496 0.144 0.402
1.04834 -0.431934 -3.12835 0.144 0.39
1.00959 -0.432151 -3.12179 0.144 0.423
0.974672 -0.442548 -3.11607 0.144 0.448
0.929376 -0.442824 -3.10898 0.144 0.45
0.884767 -0.449086 -3.10147 0.125 0.445
0.84437 -0.451658 -3.09404 0.094 0.449
0.799281 -0.451843 -3.08727 0.097 0.46
0.758602 -0.454017 -3.08149 0.096 0.464
0.711933 -0.458071 -3.07516 0.095 0.469
0.672088 -0.460971 -3.06911 0.095 0.485
0.631586 -0.459442 -3.06179 0.096 0.496
0.588916 -0.470129 -3.05493 0.099 0.544
0.549907 -0.491119 -3.04836 0.095 0.56
0.501708 -0.49761 -3.04027 0.064 0.553
0.443461 -0.495451 -3.03295 0.061 0.563
0.388062 -0.510603 -3.02901 0.06 0.559
0.337249 -0.517935 -3.02345 0.059 0.559
0.283709 -0.522168 -3.01969 0.052 0.561
0.236806 -0.517479 -3.01341 0.034 0.562
0.185425 -0.520572 -3.00882 0 0.563
0.135587 -0.526776 -3.0056 0 0.564
0.0786096 -0.526361 -3.00427 0 0.557
0.0205065 -0.537998 -3.00375 0 0.559
-0.0358833 -0.55174 -3.00358 0 0.566
-0.0786883 -0.555475 -3.00163 0 0.582
-0.133496 -0.562073 -3.00041 0 0.612
-0.184659 -0.571497 -2.99881 0 0.61
-0.238768 -0.586265 -2.99824 0 0.613
-0.288464 -0.586504 -2.99666 0 0.61
-0.345669 -0.597003 -2.99565 0 0.611
-0.402563 -0.603485 -2.99495 0 0.601
-0.454335 -0.604979 -2.99261 0 0.6
-0.502192 -0.612379 -2.99092 0 0.61
-0.55869 -0.620707 -2.9899 0 0.602
-0.606643 -0.622329 -2.98892 -0.002 0.607
-0.655231 -0.630478 -2.98715 -0.022 0.603
-0.71561 -0.641915 -2.98667 -0.024 0.604
-0.772001 -0.647776 -2.98741 -0.021 0.598
-0.830126 -0.652749 -2.98799 -0.023 0.594
-0.887855 -0.663978 -2.98955 -0.015 0.595
-0.942242 -0.668023 -2.99078 -0.009 0.598
-0.988215 -0.678106 -2.99046 -0.009 0.593
-1.04054 -0.676863 -2.99113 -0.021 0.595
-1.09629 -0.683328 -2.99212 -0.06 0.592
-1.15262 -0.692206 -2.99357 -0.062 0.591
-1.2045 -0.696708 -2.99682 -0.092 0.58
-1.25918 -0.693209 -2.99945 -0.121 0.583
-1.31116 -0.701211 -3.00462 -0.128 0.585
-1.36432 -0.704842 -3.01203 -0.137 0.578
-1.41821 -0.705456 -3.01975 -0.135 0.584
-1.46682 -0.713308 -3.02844 -0.147 0.579
-1.51641 -0.717373 -3.03632 -0.13 0.587
-1.57215 -0.727308 -3.04573 -0.127 0.574
-1.62948 -0.737764 -3.05495 -0.129 0.571
-1.68438 -0.718994 -3.06367 -0.126 0.576
-1.73404 -0.718273 -3.0727 -0.125 0.573
-1.77829 -0.716998 -3.07992 -0.119 0.573
-1.83196 -0.710612 -3.08846 -0.109 0.572
-1.8792 -0.708308 -3.09666 -0.107 0.573
-1.93021 -0.707044 -3.10401 -0.106 0.552
-1.98507 -0.702532 -3.11136 -0.106 0.549
-2.03098 -0.705317 -3.11873 -0.105 0.544
-2.08579 -0.709947 -3.12597 -0.085 0.543
-2.12993 -0.709696 -3.13313 -0.044 0.533
-2.17614 -0.710068 -3.13855 -0.026 0.525
-2.2303 -0.710198 3.14029 -0.011 0.531
-2.27823 -0.710071 3.13793 0 0.528
-2.32434 -0.707136 3.13774 0 0.521
-2.37278 -0.709834 3.13677 0 0.525
-2.41015 -0.709334 3.13695 0 0.526
-2.46188 -0.711261 3.13598 0 0.52
-2.51179 -0.710974 3.13523 0 0.53
-2.55748 -0.704884 3.13592 0 0.527
-2.59542 -0.700564 3.1365 0 0.526
-2.64633 -0.699261 3.1354 0 0.529
-2.67304 -0.700706 3.13504 0 0.528
-2.72018 -0.701409 3.13426 0 0.526
-2.77188 -0.708719 3.13263 0 0.527
-2.80964 -0.709575 3.1338 0 0.527
-2.86501 -0.71053 3.13377 0 0.529
-2.91893 -0.713189 3.13367 0 0.524
-2.95829 -0.705153 3.13513 0 0.52
-3.01056 -0.70301 3.13478 0 0.529
-3.07338 -0.706418 3.13387 -0.011 0.524
-3.12137 -0.708736 3.13362 -0.072 0.522
-3.17998 -0.71529 3.13095 -0.099 0.527
-3.22787 -0.708983 3.12686 -0.128 0.525
-3.28178 -0.702189 3.12151 -0.217 0.523
-3.33437 -0.690037 3.11257 -0.262 0.525
-3.36894 -0.68003 3.10324 -0.272 0.528
-3.41617 -0.674128 3.08815 -0.316 0.524
-3.47632 -0.681038 3.07031 -0.379 0.527
-3.53548 -0.684966 3.04791 -0.43 0.526
-3.58128 -0.654975 3.02913 -0.463 0.526
-3.62938 -0.63101 3.00309 -0.465 0.527
-3.67091 -0.606991 2.98041 -0.463 0.526
-3.70669 -0.591535 2.95157 -0.453 0.523
-3.74755 -0.57622 2.92831 -0.454 0.526
-3.81165 -0.570544 2.90014 -0.47 0.527
-3.85292 -0.544678 2.87064 -0.529 0.523
-3.89046 -0.519342 2.84891 -0.568 0.528
-3.93483 -0.504106 2.81744 -0.564 0.53
-3.97811 -0.462064 2.78829 -0.566 0.523
-4.01133 -0.442531 2.75908 -0.588 0.522
-4.04199 -0.420388 2.72438 -0.591 0.528
-4.08704 -0.38607 2.69642 -0.592 0.526
-4.12485 -0.359024 2.65917 -0.592 0.527
-4.16113 -0.332101 2.62601 -0.599 0.525
-4.19586 -0.289867 2.59734 -0.599 0.529
-4.23371 -0.255487 2.56165 -0.601 0.526
-4.26454 -0.225156 2.529 -0.608 0.529
-4.30015 -0.202941 2.49404 -0.606 0.541
-4.33642 -0.166768 2.45892 -0.594 0.539
-4.37013 -0.130883 2.42276 -0.594 0.533
-4.40031 -0.0968367 2.38997 -0.588 0.541
-4.42441 -0.0609527 2.35381 -0.585 0.53
-4.45464 -0.0209574 2.31935 -0.585 0.532
-4.48357 0.0233091 2.28483 -0.585 0.537
-4.51421 0.0766273 2.25156 -0.585 0.534
-4.52929 0.11562 2.2177 -0.585 0.531
-4.55289 0.167229 2.18094 -0.586 0.534
-4.57272 0.206344 2.14729 -0.586 0.533
-4.57529 0.248524 2.11298 -0.585 0.534
-4.61187 0.289745 2.07389 -0.585 0.534
-4.62248 0.338584 2.04473 -0.586 0.534
-4.62528 0.400076 2.01886 -0.588 0.533
-4.62735 0.453262 1.98736 -0.586 0.534
-4.63408 0.497655 1.95247 -0.586 0.531
-4.62627 0.532562 1.91805 -0.586 0.53
-4.62738 0.569478 1.87871 -0.586 0.531
-4.63859 0.613377 1.84235 -0.586 0.534
-4.64742 0.677766 1.80911 -0.577 0.474
-4.64756 0.720415 1.77961 -0.577 0.469
-4.64311 0.763061 1.75029 -0.557 0.454
-4.63831 0.809093 1.72751 -0.494 0.424
-4.62367 0.850592 1.70102 -0.352 0.27
-4.60924 0.873133 1.67548 -0.23 0.061
-4.61363 0.896324 1.65839 -0.003 -0.068
-4.6131 0.897232 1.65902 -0.046 -0.112
-4.59827 0.900357 1.66563 -0.087 -0.136
-4.59352 0.889446 1.66608 -0.105 -0.212
-4.60389 0.869925 1.66664 -0.128 -0.239
-4.60668 0.854172 1.6668 -0.129 -0.229
-4.60117 0.841591 1.6614 -0.133 -0.227
-4.59602 0.815621 1.66439 -0.134 -0.258
-4.5948 0.793595 1.67319 -0.142 -0.299
-4.59782 0.773545 1.67513 -0.141 -0.3
-4.60781 0.74451 1.6766 -0.135 -0.322
-4.61332 0.713087 1.68167 -0.129 -0.372
-4.59601 0.671696 1.69232 -0.129 -0.392
-4.60099 0.638171 1.69488 -0.129 -0.402
-4.60559 0.60961 1.69434 -0.129 -0.424
-4.61526 0.571129 1.69963 -0.14 -0.423
-4.60933 0.536677 1.70618 -0.148 -0.42
-4.59761 0.505818 1.71963 -0.147 -0.425
-4.58195 0.470082 1.72857 -0.14 -0.425
-4.59136 0.440419 1.7365 -0.14 -0.423
-4.59278 0.398469 1.74298 -0.135 -0.426
-4.5978 0.349453 1.74376 -0.134 -0.425
-4.58872 0.307435 1.74534 -0.109 -0.426
-4.58678 0.269776 1.75118 -0.042 -0.426
-4.58122 0.239536 1.7629 0.003 -0.421
-4.58255 0.205264 1.76586 0.044 -0.421
-4.57581 0.162171 1.76373 0.075 -0.423
-4.57462 0.127898 1.76505 0.131 -0.427
-4.58696 0.0887074 1.76041 0.171 -0.427
-4.56807 0.0524065 1.75419 0.206 -0.424
-4.57249 0.00498168 1.73939 0.243 -0.423
-4.55555 -0.0225043 1.73203 0.277 -0.424
-4.54151 -0.0562592 1.72277 0.295 -0.425
-4.523 -0.0887657 1.71407 0.3 -0.427
-4.51082 -0.143411 1.693 0.313 -0.424
-4.5146 -0.172434 1.68007 0.323 -0.425
-4.50489 -0.213764 1.6623 0.323 -0.438
-4.49433 -0.253259 1.64684 0.322 -0.435
-4.49252 -0.288694 1.63346 0.322 -0.435
-4.49687 -0.321862 1.62061 0.322 -0.436
-4.46992 -0.363941 1.60458 0.322 -0.435
-4.46627 -0.398955 1.59012 0.322 -0.43
-4.46357 -0.436664 1.57381 0.322 -0.436
-4.45163 -0.484009 1.55751 0.314 -0.436
-4.44221 -0.518547 1.54306 0.307 -0.434
-4.44367 -0.557208 1.52777 0.273 -0.424
-4.4379 -0.602715 1.51151 0.185 -0.411
-4.43376 -0.641798 1.49728 0.129 -0.383
-4.43481 -0.678641 1.48764 0.046 -0.373
-4.44586 -0.713428 1.48007 0.003 -0.39
-4.45118 -0.754061 1.47596 -0.012 -0.387
-4.45118 -0.794607 1.47566 -0.05 -0.381
-4.45527 -0.827031 1.47649 -0.088 -0.387
-4.46073 -0.86263 1.4772 -0.13 -0.385
-4.45878 -0.893264 1.48223 -0.14 -0.384
-4.47265 -0.932064 1.48683 -0.134 -0.387
-4.48168 -0.966733 1.49313 -0.112 -0.341
-4.48181 -1.00459 1.4985 -0.068 -0.269
-4.49078 -1.04136 1.50426 0 0.107
-4.48994 -1.04165 1.50427 0 0.144
-4.48987 -1.04045 1.50414 0 0.141
-4.49025 -1.01487 1.50356 0 0.186
-4.49016 -1.01299 1.50368 0 0.22
-4.49154 -1.00507 1.50355 0 0.224
-4.49302 -0.960751 1.50342 0 0.241
-4.49198 -0.938929 1.50266 0 0.239
-4.48733 -0.919375 1.50173 0 0.234
-4.49047 -0.9034 1.50092 0 0.243
-4.48873 -0.88026 1.49892 0 0.238
-4.49445 -0.857998 1.49756 0 0.236
-4.49838 -0.840117 1.49738 0 0.236
-4.49123 -0.821298 1.49697 0 0.237
-4.48114 -0.806354 1.49482 0 0.237
-4.47646 -0.783818 1.49574 0 0.237
-4.47079 -0.757511 1.49672 0 0.237
-4.47311 -0.72957 1.49799 0 0.242
-4.4624 -0.706439 1.49702 0 0.266
-4.45874 -0.679888 1.49832 0 0.273
-4.44366 -0.646707 1.50169 0 0.27
-4.44349 -0.644907 1.50171 0 0.269
-4.44531 -0.597747 1.50085 0.009 0.274
-4.44384 -0.567667 1.50224 0.008 0.271
-4.45144 -0.537455 1.50141 0 0.265
-4.44479 -0.519142 1.50142 0 0.271
-4.441 -0.503769 1.49864 0 0.287
-4.44256 -0.481525 1.4977 0 0.286
-4.43102 -0.439051 1.501 0 0.281
-4.42901 -0.432816 1.501 0 0.284
-4.42223 -0.398312 1.50097 0 0.295
-4.423 -0.37121 1.5007 0 0.297
-4.42058 -0.344324 1.50116 0 0.293
-4.41396 -0.319122 1.50088 0 0.295
-4.41425 -0.318227 1.5008 0 0.295
-4.40826 -0.276704 1.49828 0 0.294
-4.40495 -0.252179 1.49892 0 0.292
-4.40725 -0.22538 1.49916 0 0.294
-4.41461 -0.205077 1.49705 0 0.297
-4.4125 -0.167874 1.49645 0 0.304
-4.40353 -0.143954 1.49703 0 0.31
-4.40362 -0.116704 1.49769 0 0.311
-4.40754 -0.0868053 1.49604 0 0.314
-4.40951 -0.0566393 1.49685 0 0.32
-4.3961 -0.0321223 1.49792 0 0.317
-4.40336 -0.00458462 1.49751 0 0.315
-4.39905 0.0194236 1.49735 0 0.319
-4.40169 0.0470426 1.49736 0 0.32
-4.40137 0.0760104 1.49863 0 0.318
-4.39909 0.0812245 1.49861 0 0.315
-4.37502 0.133047 1.49743 0 0.315
-4.37998 0.166535 1.5003 0.009 0.316
-4.38175 0.198502 1.50202 0.021 0.315
-4.37987 0.22387 1.49782 0.017 0.314
-4.37536 0.246211 1.49694 0.015 0.315
-4.37813 0.288786 1.50208 0.014 0.314
-4.37807 0.321854 1.50278 0.015 0.316
-4.37663 0.351965 1.50196 0.014 0.316
-4.37594 0.379018 1.50042 0.012 0.314
-4.37726 0.398436 1.50092 0.012 0.315
-4.37162 0.423599 1.50152 0.012 0.315
-4.37547 0.452199 1.50128 0.012 0.315
-4.36935 0.478382 1.50338 0.013 0.313
-4.3684 0.488215 1.50397 0.017 0.308
-4.36346 0.538697 1.50744 0.031 0.312
-4.35117 0.563883 1.50784 0.036 0.312
-4.35115 0.565238 1.50786 0.037 0.309
-4.34654 0.605205 1.50569 0.042 0.309
-4.34538 0.646043 1.5131 0.043 0.308
-4.34668 0.676372 1.51965 0.047 0.31
-4.35222 0.70093 1.51417 0.047 0.31
-4.35694 0.72788 1.51267 0.047 0.311
-4.35411 0.755415 1.51344 0.047 0.307
-4.35024 0.780832 1.51567 0.047 0.308
-4.34502 0.812741 1.52181 0.047 0.311
-4.33918 0.836985 1.52384 0.047 0.305
-4.33962 0.844105 1.52448 0.047 0.301
-4.34089 0.878695 1.5213 0.05 0.306
-4.34404 0.91547 1.52703 0.058 0.304
-4.34404 0.91637 1.5272 0.057 0.298
-4.34269 0.925045 1.52661 0.056 0.3
-4.34252 0.925888 1.52646 0.056 0.299
-4.33543 1.02211 1.53344 0.056 0.297
-4.3443 1.04425 1.5365 0.056 0.303
-4.34377 1.04308 1.53511 0.056 0.3
-4.3322 1.04246 1.51976 0.056 0.299
-4.34988 1.12862 1.55643 0.056 0.3
-4.34264 1.15834 1.55463 0.056 0.3
-4.34068 1.1987 1.55536 0.055 0.298
-4.32964 1.21384 1.54847 0.042 0.301
-4.32922 1.21506 1.5482 0.037 0.299
-4.31547 1.24622 1.54007 0.035 0.296
-4.31962 1.30564 1.54976 0.024 0.291
-4.31902 1.30663 1.55008 0.016 0.276
-4.31856 1.31688 1.55144 0.008 0.275
-4.30667 1.3469 1.54512 0.006 0.273
-4.31099 1.35789 1.54679 0.003 0.253
-4.32968 1.44021 1.57138 0 0.191
