0.192332 -1.54618
0.192327 -1.54618
0.19232 -1.54617
0.19231 -1.54616
0.192296 -1.54615
0.192279 -1.54613
0.192259 -1.54611
0.192235 -1.54608
0.192206 -1.54602
0.192171 -1.54589
0.192125 -1.54559
0.192055 -1.54485
0.191928 -1.54297
0.191658 -1.53871
0.191018 -1.532
0.189586 -1.52031
0.18785 -1.49617
0.185996 -1.46719
0.184096 -1.43619
0.182178 -1.40391
0.18025 -1.36988
0.178317 -1.33184
0.17638 -1.29182
0.17444 -1.24986
0.172498 -1.20717
0.170552 -1.16417
0.168604 -1.12101
0.166654 -1.07769
0.1647 -1.03405
0.162745 -0.989575
0.160786 -0.942964
0.158825 -0.894017
0.156862 -0.843823
0.154896 -0.792226
0.152927 -0.738093
0.150956 -0.682987
0.148983 -0.627508
0.147007 -0.57188
0.14503 -0.516186
0.143051 -0.46044
0.141071 -0.404613
0.139089 -0.348753
0.137106 -0.292878
0.135121 -0.236995
0.133135 -0.181108
0.131147 -0.125216
0.129159 -0.0693214
0.12717 -0.0134236
0.12518 0.0424771
0.12319 0.0983809
0.121198 0.154288
0.119206 0.210199
0.117212 0.266115
0.115218 0.322039
0.113224 0.377979
0.111229 0.433958
0.109234 0.490031
0.107239 0.546142
0.105244 0.602269
0.103251 0.658406
0.10126 0.71455
0.0992732 0.770704
0.0972966 0.826879
0.0953439 0.883106
0.0934518 0.939462
0.0917149 0.996153
0.0903811 1.05303
0.0897063 1.11013
0.0894039 1.16771
0.0892463 1.22551
0.0891472 1.28347
0.0890741 1.34172
0.0890156 1.40065
0.0889677 1.46067
0.0889296 1.52111
0.0889013 1.58171
0.0888836 1.64237
0.0888771 1.70305
0.0888827 1.76376
0.0889011 1.82447
0.0889333 1.88521
0.0889803 1.94599
0.0890427 2.00689
0.0891212 2.06811
0.0892161 2.12946
0.0893281 2.19091
0.0894576 2.25252
0.0896051 2.31452
0.0897711 2.3775
0.0899558 2.44085
0.0901594 2.50435
0.0903823 2.56791
0.0906248 2.63149
0.090887 2.69509
0.0911688 2.75868
0.0914703 2.82229
0.0917912 2.88589
0.0921316 2.9495
0.0924911 3.01311
0.0928697 3.07672
0.093267 3.14034
0.093683 3.20396
0.0941173 3.26758
0.0945695 3.3312
0.0950392 3.39483
0.0955258 3.45845
0.0960288 3.52208
0.0965476 3.58571
0.0970816 3.64935
0.0976302 3.71298
0.0981926 3.77662
0.0987682 3.84025
0.0993563 3.90389
0.0999559 3.96753
0.100566 4.03117
0.101186 4.0948
0.101816 4.15844
0.102454 4.22208
0.103103 4.28572
0.103768 4.34936
0.104464 4.413
0.105229 4.47663
0.106171 4.54027
0.107567 4.6039
0.110148 4.66753
0.115828 4.73116
0.122696 4.79478
0.130029 4.8584
0.137566 4.922
0.145247 4.98556
0.153153 5.04901
0.16159 5.1122
0.171403 5.17471
0.184807 5.23543
0.199633 5.29547
0.215124 5.35524
0.231193 5.41491
0.247487 5.47453
0.263876 5.53414
0.280324 5.59375
0.29685 5.65334
0.313551 5.71294
0.330544 5.77253
0.347686 5.83211
0.364982 5.89169
0.382585 5.95126
0.400956 6.01079
0.421321 6.07024
0.442449 6.12949
0.46387 6.18866
0.485403 6.2478
0.506984 6.30693
0.528587 6.36605
0.550211 6.42516
0.571874 6.48426
0.59363 6.54334
0.615623 6.60237
0.638233 6.66127
0.662453 6.71985
0.68731 6.77759
0.712468 6.835
0.737887 6.89225
0.763487 6.94938
0.789371 7.00629
0.815919 7.06267
0.844175 7.11883
0.876889 7.17487
0.911308 7.2308
0.946383 7.28646
0.981714 7.34148
1.01716 7.39481
1.05269 7.44732
1.08835 7.49899
1.12433 7.549
1.16113 7.59838
1.20006 7.64747
1.23985 7.69638
1.28009 7.74502
1.32082 7.79333
1.36257 7.84092
1.4047 7.88668
1.44699 7.93174
1.48934 7.97652
1.53172 8.02118
1.57414 8.06572
1.61663 8.11007
1.65931 8.15395
1.70246 8.19766
1.7458 8.24129
1.78921 8.28489
1.83265 8.32847
1.8761 8.37204
1.91956 8.41557
1.96302 8.45903
2.00648 8.5023
2.04995 8.54507
2.09342 8.58742
2.13691 8.62902
2.18044 8.66878
2.22405 8.70776
2.26787 8.74628
2.31226 8.78417
2.35753 8.82165
2.40488 8.85852
2.45302 8.89507
2.50148 8.93131
2.55008 8.96688
2.5988 9.00081
2.64769 9.03324
2.69703 9.06285
2.74749 9.09125
2.80091 9.11884
2.85691 9.1452
2.9139 9.16885
2.97127 9.19145
3.02878 9.21356
3.08635 9.23532
3.14394 9.25646
3.20154 9.27614
3.25915 9.2949
3.31676 9.3124
3.37438 9.32704
3.43199 9.33968
3.48961 9.34916
3.54724 9.35741
3.60486 9.36517
3.66249 9.37266
3.72012 9.37983
3.77775 9.38632
3.83539 9.39111
3.89303 9.39524
3.95067 9.39912
4.00832 9.4029
4.06597 9.40664
4.12362 9.41037
4.18127 9.41408
4.23893 9.41778
4.29659 9.42146
4.35426 9.42508
4.41192 9.42856
4.46959 9.43168
4.52727 9.43387
4.58494 9.43569
4.64262 9.43737
4.70031 9.43899
4.75799 9.4406
4.81568 9.44219
4.87337 9.44377
4.93106 9.44536
4.98876 9.44693
5.04646 9.44851
5.10415 9.45008
5.16186 9.45164
5.21956 9.4532
5.27727 9.45476
5.33498 9.45632
5.39269 9.45787
5.4504 9.45941
5.50811 9.46093
5.56582 9.46241
5.62353 9.4638
5.68125 9.46492
5.73896 9.46538
5.79668 9.46559
5.8544 9.46569
5.91211 9.46576
5.96983 9.4658
6.02755 9.46584
6.08527 9.46588
6.14299 9.46591
6.20072 9.46593
6.25844 9.46595
6.31616 9.46593
6.37389 9.46584
6.43161 9.46571
6.48934 9.46556
6.54706 9.46536
6.6048 9.46506
6.66254 9.46449
6.72031 9.46381
6.77817 9.46309
6.83626 9.46236
6.89492 9.46161
6.95509 9.46087
7.01585 9.46011
7.07683 9.45936
7.1379 9.4586
7.199 9.45784
7.26011 9.45707
7.32123 9.4563
7.38236 9.45553
7.44349 9.45475
7.50463 9.45396
7.56579 9.45318
7.62702 9.45239
7.68838 9.45159
7.75013 9.4508
7.81287 9.45
7.8782 9.44919
7.94452 9.44838
8.01125 9.44757
8.07816 9.44676
8.14526 9.44594
8.21242 9.44511
8.27961 9.44429
8.34682 9.44346
8.41403 9.44262
8.48124 9.44178
8.54846 9.44094
8.61567 9.4401
8.68289 9.43925
8.75011 9.4384
8.81734 9.43755
8.88456 9.43669
8.95178 9.43584
9.01901 9.43497
9.08624 9.4341
9.15346 9.4332
9.22069 9.43224
9.28792 9.43114
9.35514 9.42966
9.42237 9.42718
9.4896 9.42361
9.55682 9.41777
9.62404 9.41106
9.69125 9.404
9.75842 9.39681
9.82553 9.38952
9.89246 9.38211
9.9589 9.37441
10.0241 9.366
10.0888 9.35573
10.1533 9.34452
10.2178 9.33239
10.2822 9.31843
10.3466 9.29988
10.4111 9.27906
10.4755 9.25731
10.5399 9.23519
10.6043 9.21294
10.6687 9.19064
10.7331 9.16831
10.7975 9.14597
10.8619 9.12362
10.9263 9.10128
10.9907 9.07892
11.0551 9.05657
11.1195 9.03421
11.1839 9.01186
11.2483 8.9895
11.3127 8.96713
11.3771 8.94477
11.4413 8.9224
11.5053 8.90003
11.5687 8.87767
11.6318 8.8553
11.6949 8.83293
11.7579 8.81055
11.8209 8.78818
11.8839 8.76581
11.9469 8.74344
12.0098 8.72107
12.0728 8.6987
12.1358 8.67633
12.1988 8.65397
12.2618 8.6316
12.3247 8.60924
12.3877 8.58688
12.4507 8.56452
12.5137 8.54217
12.5766 8.51983
12.6396 8.49751
12.7026 8.47525
12.7656 8.45313
12.8286 8.43137
12.8918 8.41057
12.9553 8.39225
13.0196 8.37491
13.0861 8.358
13.1534 8.34142
13.221 8.32537
13.2887 8.31061
13.3565 8.29916
13.4243 8.28898
13.4921 8.27929
13.5599 8.26979
13.6277 8.26038
13.6955 8.25107
13.7633 8.24191
13.8311 8.23314
13.8989 8.22539
13.9667 8.22028
14.0345 8.21617
14.1024 8.21246
14.1702 8.20889
14.238 8.20538
14.3058 8.2019
14.3737 8.19843
14.4415 8.19496
14.5095 8.1915
14.5776 8.18804
14.6462 8.18459
14.7149 8.18114
14.7838 8.17769
14.8527 8.17424
14.9216 8.1708
14.9904 8.16737
15.0593 8.16397
15.1283 8.16063
15.1972 8.15745
15.2661 8.15434
15.335 8.15125
15.4039 8.14818
15.4728 8.14511
15.5418 8.14204
15.6107 8.13898
15.6796 8.13593
15.7486 8.13288
15.8175 8.12983
15.8865 8.12679
15.9555 8.12375
16.0245 8.12071
16.0934 8.11768
16.1624 8.11465
16.2314 8.11163
16.3005 8.10861
16.3695 8.1056
16.4385 8.10259
16.5075 8.09958
16.5766 8.09658
16.6456 8.09359
16.7147 8.0906
16.7837 8.08761
16.8528 8.08463
16.9219 8.08166
16.991 8.07869
17.0601 8.07572
17.1292 8.07276
17.1983 8.0698
17.2674 8.06685
17.3365 8.0639
17.4057 8.06096
17.4748 8.05803
17.544 8.05509
17.6131 8.05216
17.6823 8.04924
17.7515 8.04632
17.8206 8.0434
17.8898 8.04048
17.959 8.03757
18.0282 8.03466
18.0974 8.03175
18.1666 8.02884
18.2359 8.02594
18.3051 8.02304
18.3743 8.02013
18.4436 8.01723
18.5128 8.01432
18.5821 8.01142
18.6513 8.00851
18.7206 8.00561
18.7899 8.0027
18.8591 7.9998
18.9284 7.99689
18.9977 7.99399
19.067 7.9911
19.1363 7.98823
19.2056 7.98541
19.2749 7.98273
19.3442 7.9804
19.4135 7.979
19.4828 7.98002
19.5521 7.98316
19.6215 7.99023
19.6908 8.00695
19.7601 8.03338
19.8293 8.06351
19.8985 8.09507
19.9674 8.12716
20.0357 8.15947
20.1025 8.19186
20.1686 8.22428
20.2346 8.25671
20.3004 8.28915
20.3662 8.32159
20.432 8.35402
20.4977 8.38644
20.5635 8.41881
20.6293 8.45106
20.6951 8.48298
20.7608 8.51405
20.8266 8.54477
20.8924 8.57527
20.9582 8.6055
21.024 8.63509
21.0898 8.66307
21.1556 8.6891
21.2214 8.71438
21.2872 8.73937
21.353 8.76424
21.4189 8.78904
21.4847 8.81379
21.5505 8.8384
21.6164 8.86268
21.6823 8.88613
21.7481 8.90868
21.814 8.92942
21.8799 8.94946
21.9458 8.96923
22.0117 8.98889
22.0777 9.00849
22.1436 9.028
22.2095 9.04735
22.2755 9.06627
22.3415 9.08407
22.4074 9.09896
22.4734 9.11241
22.5395 9.12443
22.6055 9.13362
22.6715 9.14163
22.7376 9.14894
22.8036 9.15529
22.8697 9.15952
22.9358 9.16287
23.0019 9.16569
23.068 9.16783
23.1342 9.16958
23.2003 9.17082
23.2665 9.17098
23.3327 9.17072
23.3989 9.1703
23.4651 9.16982
23.5313 9.16931
23.5975 9.16879
23.6638 9.16827
23.73 9.16774
23.7963 9.1672
23.8626 9.16667
23.9289 9.16613
23.9952 9.16558
24.0616 9.16504
24.1279 9.16448
24.1943 9.16393
24.2607 9.16337
24.3271 9.16281
24.3935 9.16224
24.4599 9.16167
24.5263 9.1611
24.5928 9.16052
24.6592 9.15993
24.7257 9.15934
24.7922 9.15875
24.8587 9.15815
24.9252 9.15755
24.9917 9.15694
25.0582 9.15633
25.1248 9.15571
25.1913 9.15509
25.2579 9.15446
25.3245 9.15383
25.391 9.1532
25.4576 9.15255
25.5243 9.1519
25.5909 9.15125
25.6575 9.15059
25.7241 9.14992
25.7908 9.14924
25.8574 9.14856
25.9241 9.14788
25.9907 9.14718
26.0574 9.14649
26.1241 9.14579
26.1907 9.14508
26.2574 9.14437
26.3241 9.14366
26.3908 9.14295
26.4575 9.14223
26.5242 9.1415
26.5909 9.14078
26.6577 9.14005
26.7244 9.13931
26.7911 9.13858
26.8578 9.13784
26.9246 9.1371
26.9913 9.13636
27.0581 9.13562
27.1249 9.13488
27.1919 9.13413
27.2593 9.13339
27.3269 9.13264
27.3949 9.13189
27.4636 9.13114
27.5325 9.13039
27.6016 9.12964
27.6707 9.12889
27.7398 9.12814
27.809 9.12738
27.8781 9.12662
27.9472 9.12586
28.0164 9.1251
28.0855 9.12431
28.1546 9.12349
28.2238 9.12256
28.2929 9.12136
28.3621 9.11945
28.4312 9.11569
28.5003 9.10707
28.5694 9.09464
28.6385 9.08066
28.7074 9.06591
28.7759 9.05034
28.8434 9.03314
28.9084 9.0146
28.9723 8.99367
29.0359 8.97141
29.0994 8.94752
29.1627 8.92009
29.2261 8.89078
29.2894 8.85937
29.3526 8.82356
29.4156 8.78603
29.478 8.74775
29.539 8.70893
29.5971 8.66948
29.6506 8.62869
29.6988 8.58603
29.7451 8.54195
29.7906 8.49548
29.8358 8.44807
29.8807 8.40024
29.9252 8.35209
29.9691 8.30342
30.0114 8.25346
30.0529 8.20229
30.0942 8.15006
30.135 8.09735
30.1751 8.04431
30.2132 7.99073
30.2463 7.93591
30.2775 7.87865
30.3079 7.82045
30.3381 7.7619
30.3681 7.7032
30.398 7.64444
30.4276 7.58564
30.4566 7.52681
30.4841 7.46798
30.5108 7.40914
30.5366 7.3503
30.5608 7.29146
30.5807 7.23261
30.5981 7.17376
30.6118 7.11491
30.624 7.05606
30.6346 6.99721
30.6427 6.93834
30.6488 6.87947
30.6515 6.82058
30.6528 6.76162
30.6535 6.70252
30.6536 6.64301
30.6535 6.58245
30.6533 6.52149
30.6531 6.46038
30.6529 6.3992
30.6526 6.338
30.6524 6.27679
30.6521 6.21556
30.6519 6.15433
30.6516 6.09309
30.6513 6.03184
30.651 5.97059
30.6507 5.90933
30.6504 5.84806
30.6501 5.78678
30.6498 5.72548
30.6495 5.66418
30.6491 5.60287
30.6487 5.54154
30.6484 5.48021
30.648 5.41886
30.6476 5.35749
30.6472 5.29611
30.6468 5.23472
30.6463 5.17332
30.6459 5.11189
30.6454 5.05046
30.6449 4.989
30.6444 4.92753
30.6439 4.86604
30.6434 4.80454
30.6429 4.74302
30.6423 4.68148
30.6418 4.61992
30.6412 4.55834
30.6406 4.49675
30.64 4.43514
30.6394 4.37351
30.6388 4.31186
30.6382 4.25019
30.6375 4.1885
30.6369 4.1268
30.6362 4.06508
30.6355 4.00333
30.6348 3.94157
30.6341 3.87979
30.6334 3.81799
30.6327 3.75618
30.632 3.69434
30.6313 3.63248
30.6306 3.57061
30.6298 3.50872
30.6291 3.4468
30.6283 3.38487
30.6276 3.32292
30.6268 3.26096
30.6261 3.19897
30.6253 3.13697
30.6246 3.07495
30.6238 3.01291
30.623 2.95086
30.6223 2.88879
30.6216 2.8267
30.6209 2.76459
30.6203 2.70247
30.6197 2.64033
30.6191 2.57818
30.6186 2.51601
30.6181 2.45383
30.6175 2.39163
30.617 2.32942
30.6165 2.2672
30.6159 2.20497
30.6154 2.14272
30.6149 2.08046
30.6144 2.01819
30.6138 1.95592
30.6133 1.89363
30.6128 1.83134
30.6122 1.76903
30.6117 1.70673
30.611 1.64441
30.6101 1.58209
30.6086 1.51977
30.6065 1.45744
30.6032 1.39511
30.597 1.33278
30.5892 1.27045
30.58 1.20812
30.5694 1.14581
30.5566 1.08354
30.5389 1.02138
30.5193 0.959507
30.4989 0.898393
30.4781 0.839256
30.457 0.780896
30.4353 0.722887
30.412 0.665151
30.3847 0.607537
30.3524 0.550015
30.3181 0.49264
30.2826 0.435616
30.2455 0.379492
30.2062 0.323972
30.1615 0.269363
30.1148 0.216881
30.0673 0.165294
30.0195 0.114264
29.9716 0.0640048
29.9236 0.0155011
29.8755 -0.0312009
29.8271 -0.0742559
29.7779 -0.115798
29.7269 -0.156451
29.6752 -0.195952
29.6231 -0.232892
29.571 -0.268801
29.5189 -0.304184
29.4667 -0.339019
29.4145 -0.373465
29.3623 -0.407287
29.3101 -0.439634
29.2579 -0.468182
29.2057 -0.494649
29.1535 -0.520047
29.1013 -0.544323
29.0491 -0.566305
28.9968 -0.582527
28.9446 -0.596411
28.8922 -0.609038
28.8397 -0.620239
28.7867 -0.630894
28.7325 -0.641337
28.675 -0.651698
28.6162 -0.662024
28.5569 -0.672332
28.4975 -0.682624
28.4379 -0.692886
28.3782 -0.703082
28.3184 -0.713109
28.258 -0.722699
28.1964 -0.731152
28.1342 -0.736629
28.0718 -0.740969
28.0092 -0.744873
27.9465 -0.748606
27.8832 -0.752274
27.8197 -0.755915
27.7561 -0.759543
27.6924 -0.763165
27.6288 -0.766781
27.5652 -0.770392
27.5015 -0.773994
27.4379 -0.777576
27.3742 -0.781114
27.3106 -0.784539
27.247 -0.787815
27.1833 -0.790765
27.1196 -0.792883
27.056 -0.794181
26.9923 -0.795164
26.9287 -0.796025
26.865 -0.796838
26.8013 -0.797632
26.7377 -0.798416
26.674 -0.799196
26.6103 -0.799973
26.5467 -0.800746
26.483 -0.801518
26.4193 -0.802287
26.3556 -0.803053
26.292 -0.803817
26.2283 -0.804579
26.1646 -0.805338
26.1009 -0.806096
26.0372 -0.80685
25.9736 -0.807603
25.9099 -0.808353
25.8462 -0.8091
25.7825 -0.809844
25.7188 -0.810587
25.6551 -0.811326
25.5914 -0.812064
25.5277 -0.8128
25.464 -0.813533
25.4003 -0.814264
25.3366 -0.814993
25.2729 -0.815719
25.2091 -0.816443
25.1451 -0.817165
25.0812 -0.817883
25.0172 -0.818599
24.9532 -0.819312
24.8892 -0.820022
24.8252 -0.820729
24.7612 -0.821435
24.6973 -0.822137
24.6336 -0.822838
24.5704 -0.823537
24.5084 -0.824233
24.4496 -0.824928
24.3921 -0.825622
24.3351 -0.826314
24.2782 -0.827005
24.2214 -0.827695
24.1646 -0.828384
24.1079 -0.829073
24.0511 -0.829762
23.9943 -0.830451
23.9373 -0.831142
23.8801 -0.831833
23.822 -0.832524
23.7618 -0.833214
23.7008 -0.833905
23.6394 -0.834594
23.578 -0.835282
23.5165 -0.83597
23.455 -0.836657
23.3935 -0.837345
23.332 -0.838032
23.2704 -0.838719
23.2089 -0.839408
23.1474 -0.840097
23.0859 -0.840788
23.0243 -0.841481
22.9628 -0.842175
22.9013 -0.842871
22.8398 -0.843569
22.7782 -0.844268
22.7167 -0.84497
22.6552 -0.845674
22.5937 -0.84638
22.5321 -0.847087
22.4706 -0.847796
22.4091 -0.848506
22.3475 -0.849218
22.286 -0.84993
22.2245 -0.850644
22.163 -0.851357
22.1014 -0.852071
22.0399 -0.852785
21.9784 -0.853497
21.9169 -0.85421
21.8553 -0.854921
21.7938 -0.855631
21.7323 -0.85634
21.6708 -0.857047
21.6092 -0.857753
21.5477 -0.858459
21.4862 -0.859162
21.4247 -0.859864
21.3631 -0.860563
21.3016 -0.861257
21.2401 -0.861942
21.1785 -0.862606
21.1168 -0.86322
21.0549 -0.863707
20.9925 -0.863863
20.9284 -0.863157
20.8602 -0.862122
20.7905 -0.86096
20.7202 -0.85975
20.6498 -0.858523
20.5796 -0.85729
20.5099 -0.856057
20.4419 -0.854825
20.3746 -0.853595
20.3074 -0.852366
20.2401 -0.851139
20.1725 -0.849915
20.1039 -0.848691
20.0325 -0.84747
19.9541 -0.846251
19.8738 -0.845037
19.795 -0.843827
19.7227 -0.842621
19.6841 -0.841421
19.6487 -0.840227
19.5887 -0.839038
19.5133 -0.837855
19.4188 -0.836678
19.3257 -0.835506
19.2675 -0.834339
19.2222 -0.833177
19.1807 -0.832021
19.1374 -0.830871
19.0907 -0.829727
19.0352 -0.828591
18.9764 -0.827461
18.9163 -0.826339
18.8557 -0.825223
18.795 -0.824115
18.7341 -0.823014
18.6732 -0.821921
18.6124 -0.820834
18.5515 -0.819754
18.4906 -0.818681
18.4297 -0.817615
18.3689 -0.816554
18.308 -0.8155
18.2471 -0.814452
18.1863 -0.813411
18.1254 -0.812375
18.0647 -0.811344
18.0042 -0.810318
17.9443 -0.809298
17.8859 -0.808283
17.828 -0.807273
17.7702 -0.806267
17.712 -0.805266
17.6528 -0.804269
17.5907 -0.803275
17.5211 -0.802285
17.4559 -0.801298
17.3928 -0.800315
17.3309 -0.799335
17.2709 -0.798358
17.2154 -0.797385
17.1712 -0.796416
17.1288 -0.79545
17.0805 -0.794488
17.0126 -0.793527
16.9375 -0.792568
16.8599 -0.791608
16.7825 -0.790648
16.7076 -0.789685
16.6406 -0.78872
16.5766 -0.787749
16.5137 -0.786767
16.4512 -0.785759
16.3889 -0.784687
16.3267 -0.783591
16.2645 -0.782485
16.2024 -0.781374
16.1402 -0.780261
16.078 -0.779147
16.0158 -0.778031
15.9536 -0.776914
15.8914 -0.775796
15.8293 -0.774677
15.7671 -0.773557
15.7049 -0.772437
15.6427 -0.771316
15.5805 -0.770196
15.5184 -0.769077
15.4562 -0.767958
15.394 -0.766841
15.3318 -0.765726
15.2696 -0.764612
15.2074 -0.763499
15.1452 -0.762388
15.0829 -0.761278
15.0204 -0.760168
14.9572 -0.759059
14.8925 -0.75795
14.8237 -0.756842
14.7533 -0.755735
14.6824 -0.754629
14.6115 -0.753524
14.541 -0.752421
14.4718 -0.751321
14.4031 -0.750222
14.3347 -0.749125
14.2663 -0.748029
14.1981 -0.746935
14.1303 -0.745841
14.0634 -0.744748
13.9989 -0.743655
13.9353 -0.742564
13.8721 -0.741477
13.809 -0.740405
13.7459 -0.739372
13.6829 -0.738446
13.6198 -0.737796
13.5568 -0.737254
13.4938 -0.736753
13.4308 -0.73627
13.3677 -0.735795
13.3047 -0.735325
13.2417 -0.734858
13.1787 -0.734393
13.1156 -0.73393
13.0526 -0.73347
12.9896 -0.733013
12.9266 -0.732559
12.8636 -0.73211
12.8006 -0.731665
12.7375 -0.731226
12.6745 -0.730795
12.6115 -0.730371
12.5485 -0.729955
12.4855 -0.729547
12.4225 -0.729148
12.3595 -0.728758
12.2965 -0.728377
12.2335 -0.728006
12.1705 -0.727644
12.1075 -0.727293
12.0445 -0.726953
11.9816 -0.726624
11.9186 -0.726307
11.8556 -0.726
11.7926 -0.725704
11.7296 -0.72542
11.6667 -0.725147
11.6037 -0.724886
11.5407 -0.724636
11.4777 -0.724398
11.4148 -0.724172
11.3518 -0.723958
11.2888 -0.723756
11.2259 -0.723566
11.1629 -0.723388
11.0999 -0.723221
11.037 -0.723067
10.974 -0.722925
10.9111 -0.722795
10.8483 -0.722676
10.7857 -0.722569
10.7235 -0.722473
10.6627 -0.722388
10.6054 -0.722314
10.5572 -0.722251
10.5328 -0.722199
10.5235 -0.722157
10.5199 -0.722125
10.5185 -0.722104
10.518 -0.722091
10.5177 -0.722084
